1000 20
10 11 7 12 16 3 18 18 15 4 16 18 4 3 13 1 11 18 8 19 
18 22 14
22 1 6
16 20 20
18 21 10
6 10 19
4 8 18
3 6 13
20 20 11
22 2 11
8 11 18
12 14 1
0 3 19
18 20 4
9 11 3
23 2 8
11 14 20
7 10 18
11 15 5
16 20 4
1 5 20
3 4 15
4 7 11
4 6 18
23 2 1
8 13 14
23 2 5
15 18 4
2 6 14
8 11 10
4 6 4
6 9 19
15 17 6
21 1 2
19 22 15
3 7 5
22 2 3
11 14 9
3 6 15
7 11 15
23 4 8
15 18 9
19 22 14
7 10 19
0 3 18
23 1 1
8 11 14
3 7 7
14 17 17
14 16 14
2 6 12
14 15 11
8 12 18
23 1 16
1 5 8
8 10 12
2 4 20
22 2 2
8 11 13
2 5 20
8 11 16
16 18 3
12 16 5
8 11 7
14 17 18
19 22 3
19 22 19
22 1 5
19 23 18
6 8 3
21 2 10
21 1 11
13 14 11
22 1 2
19 22 4
2 6 4
7 12 20
10 13 8
13 15 20
3 6 10
11 14 14
8 12 5
23 0 13
7 10 16
13 16 13
23 1 18
17 20 15
5 9 19
16 19 14
18 20 9
11 14 11
3 8 4
9 12 17
19 22 13
13 16 12
16 19 8
17 20 1
22 1 9
0 3 13
9 12 4
8 11 17
17 20 16
13 16 20
12 15 13
6 10 8
23 2 18
19 21 5
6 9 5
0 3 9
9 12 20
14 15 13
8 11 18
9 12 14
0 3 11
18 22 13
11 14 2
13 16 11
15 18 17
1 4 13
22 1 12
20 23 18
15 17 2
23 2 8
16 20 4
23 0 11
13 17 16
22 1 3
7 11 3
10 13 14
23 1 11
12 17 18
17 19 15
15 19 3
1 5 3
14 17 19
1 4 12
23 3 7
3 5 10
23 2 18
20 0 17
7 10 16
6 11 16
21 23 14
23 3 20
21 2 7
5 8 18
20 22 20
3 7 19
7 8 6
17 20 5
14 17 17
2 7 9
11 15 18
0 2 17
7 11 8
4 7 1
21 0 2
12 13 10
22 1 19
19 21 17
3 6 4
1 4 1
12 14 8
2 5 4
5 8 1
3 6 16
20 21 5
10 14 12
14 17 8
12 14 10
9 12 18
3 6 18
14 15 16
4 7 15
19 21 15
0 2 9
7 9 11
7 11 8
1 4 16
23 3 1
10 13 6
20 0 18
13 15 2
19 22 19
18 21 19
20 1 15
21 0 11
0 2 11
13 17 12
14 15 4
1 4 9
10 13 13
1 6 9
21 22 18
16 19 17
14 17 16
10 12 5
17 18 17
10 14 11
19 22 16
0 1 14
1 6 7
16 19 11
10 14 7
21 1 17
23 2 10
21 23 5
22 2 1
17 18 17
6 9 8
16 19 13
23 1 18
12 16 17
21 23 11
16 21 9
2 7 9
22 23 17
7 11 19
18 19 19
4 5 14
5 9 7
2 4 13
9 11 3
19 22 2
16 19 16
20 23 15
9 12 9
3 5 15
22 3 5
8 11 3
16 19 19
5 7 18
0 3 11
8 12 14
6 10 6
11 13 19
23 1 7
6 9 10
9 13 4
16 19 17
22 1 7
15 17 5
18 20 1
19 22 18
20 22 8
5 8 11
6 9 10
11 13 14
15 19 10
6 9 13
16 20 11
18 20 4
11 15 3
18 20 6
5 9 8
12 16 18
7 10 7
17 21 2
21 0 20
9 13 15
2 4 9
6 9 14
23 2 19
9 14 17
13 14 3
0 4 20
1 6 19
4 8 3
5 9 10
12 13 2
20 23 2
9 9 17
23 2 12
15 17 4
9 10 20
7 10 5
20 21 15
15 19 19
6 7 12
20 0 19
18 22 20
6 10 14
6 11 19
14 19 1
15 19 16
16 18 14
0 2 6
20 23 17
16 20 9
16 18 3
22 2 5
13 16 4
22 1 14
15 17 13
21 23 4
15 17 2
11 14 17
22 1 10
20 0 11
11 13 9
2 4 13
3 6 3
7 10 11
7 10 4
3 6 17
22 1 19
3 6 16
13 17 4
23 1 19
4 5 9
10 12 10
12 16 10
4 7 9
13 16 1
14 16 18
5 9 14
10 14 3
0 2 19
16 20 16
6 9 9
0 3 18
2 5 12
6 7 15
12 16 19
9 11 17
4 7 9
13 14 2
19 22 15
12 15 12
18 23 10
20 22 1
16 20 15
6 10 5
13 17 16
3 5 5
22 2 7
3 3 20
11 14 1
23 2 16
15 18 19
23 0 8
1 4 4
6 9 7
15 20 3
4 7 3
3 6 10
15 19 6
10 15 15
17 20 4
7 11 11
0 4 6
15 19 6
17 19 16
16 18 20
17 20 3
0 4 7
15 17 4
1 5 7
5 9 16
14 16 1
15 19 6
19 21 4
2 5 1
1 2 15
3 7 1
2 5 19
7 9 4
19 23 17
16 19 6
11 13 13
7 9 5
15 17 15
11 15 1
15 17 16
11 16 14
10 14 9
0 3 7
0 2 8
15 18 8
11 13 6
2 5 2
17 22 4
8 9 15
10 12 18
9 13 10
11 14 18
10 11 1
19 23 17
3 9 4
7 9 14
19 22 18
14 16 15
7 8 18
6 9 1
0 2 1
13 16 19
3 7 3
19 22 2
11 15 7
0 3 20
13 15 13
22 0 9
6 9 5
20 0 11
15 16 6
8 12 15
15 18 11
11 14 16
16 19 3
18 21 18
4 7 2
18 21 2
3 8 4
18 19 19
12 17 7
12 15 13
22 1 7
1 5 15
2 6 8
11 14 16
6 11 6
10 12 10
6 9 10
3 6 7
20 22 3
8 10 16
1 4 18
18 23 19
0 4 20
13 16 2
15 20 10
5 9 7
13 15 12
9 12 18
16 19 1
22 2 9
13 17 20
7 12 15
19 22 4
0 3 8
4 8 2
11 16 13
6 8 7
11 13 10
20 23 2
21 2 8
15 18 2
4 9 2
0 5 9
6 9 11
1 2 20
9 14 20
5 9 1
1 3 4
21 23 4
7 10 14
22 1 20
1 4 12
21 2 16
14 18 7
20 23 12
17 21 3
8 12 9
17 20 14
16 18 13
15 20 16
13 16 1
10 13 16
2 7 5
7 10 4
20 0 1
10 13 6
13 16 17
1 4 2
0 2 16
9 13 14
9 12 8
17 20 18
4 7 9
5 8 13
0 3 10
13 16 8
2 6 14
18 20 5
22 0 19
7 10 17
4 7 11
10 13 5
21 23 4
5 9 6
21 21 7
21 0 13
4 7 15
6 10 4
10 11 4
22 0 2
3 6 2
20 22 5
1 4 19
9 13 7
16 19 7
15 17 13
2 4 4
7 11 20
19 23 19
12 16 7
12 16 10
20 0 17
14 14 16
19 23 20
8 12 13
18 22 1
23 1 1
0 4 11
16 19 5
23 3 12
5 9 16
22 3 16
3 7 4
1 4 6
4 7 16
17 21 7
23 3 18
5 7 17
0 4 6
11 15 20
5 9 12
0 3 4
19 23 3
15 19 15
13 16 4
5 7 14
4 8 10
21 0 10
12 15 3
20 22 15
5 8 1
11 13 15
19 21 8
19 23 2
10 15 2
14 17 14
2 5 11
21 23 10
10 14 15
5 9 13
9 13 3
1 3 5
1 4 11
17 19 11
11 15 8
10 12 15
23 1 20
4 6 8
11 13 5
15 18 11
6 10 20
8 11 5
16 17 8
12 14 7
2 4 13
20 22 20
2 5 11
6 9 10
21 22 3
19 23 9
15 18 5
17 20 7
15 18 15
5 9 2
2 6 11
0 2 3
13 16 9
16 21 11
18 21 8
14 16 16
20 22 18
13 17 18
6 7 2
3 7 17
19 23 16
22 1 19
17 20 1
21 1 9
10 15 1
4 7 16
15 20 17
7 9 1
15 19 13
17 22 8
3 6 20
5 8 11
23 2 20
3 6 11
13 18 20
18 22 1
18 19 8
3 7 14
7 10 11
14 17 2
13 16 19
22 0 3
7 9 19
11 15 8
5 9 9
1 4 5
19 22 6
14 18 7
17 19 17
21 23 11
0 4 11
9 12 11
2 5 20
16 21 12
16 19 9
16 17 2
17 20 8
3 6 13
21 23 16
16 19 17
15 16 10
17 20 2
18 21 12
6 7 18
7 11 18
9 12 2
20 21 20
12 15 11
10 13 5
19 23 8
16 21 8
6 9 17
22 1 11
5 8 17
5 9 10
0 3 20
4 6 10
22 3 15
1 4 11
13 16 20
12 15 2
3 7 7
19 22 18
13 16 12
21 1 14
2 4 17
14 18 20
9 11 1
9 12 4
14 16 1
13 16 20
6 10 12
3 6 6
2 6 19
10 13 6
16 20 13
1 3 4
12 15 2
1 4 3
9 14 12
22 2 9
6 9 18
21 3 4
17 19 1
21 1 7
4 7 4
20 0 8
17 19 5
9 12 14
6 10 15
10 14 18
19 22 10
16 20 9
13 17 13
9 12 14
22 2 10
22 1 17
11 14 12
7 9 19
14 18 7
4 6 15
18 18 8
23 2 3
16 20 12
21 22 11
12 15 10
2 4 8
18 20 11
3 4 9
9 13 6
9 11 9
23 1 10
7 10 17
2 3 20
15 17 5
11 13 7
17 20 11
19 22 8
5 9 12
4 7 9
14 15 17
2 4 6
23 3 4
19 20 7
9 12 4
4 8 7
8 8 10
17 21 20
7 11 18
15 16 15
16 18 17
1 3 7
20 1 5
17 17 16
14 18 10
18 20 17
21 22 20
10 12 11
19 21 17
4 6 18
23 3 2
4 6 19
7 9 2
8 12 16
14 17 18
16 19 13
18 21 14
18 22 1
21 0 15
18 21 17
16 19 18
0 3 3
2 4 19
3 7 17
2 5 14
20 22 15
19 23 5
20 23 2
16 18 7
9 11 3
10 16 18
21 2 1
19 22 9
14 17 12
14 15 17
5 8 16
6 8 9
6 10 19
17 21 20
9 13 3
4 6 9
9 12 11
13 17 18
14 17 16
13 16 10
4 7 11
22 2 2
23 2 14
19 20 10
12 15 5
22 1 10
19 23 1
23 1 15
8 12 3
9 12 4
19 23 9
17 20 10
9 12 18
4 6 3
12 15 16
18 22 15
17 20 4
6 9 8
3 6 11
5 6 1
9 13 1
17 22 17
15 18 1
12 17 16
12 15 6
14 17 13
2 3 3
10 13 5
20 23 9
2 3 10
0 1 14
0 3 9
12 15 20
0 4 19
9 13 5
7 9 14
12 14 13
19 22 5
16 17 13
21 22 9
15 18 16
3 5 14
14 17 16
9 11 1
3 4 4
8 11 1
16 19 20
21 23 9
3 8 1
10 14 5
15 16 11
1 4 4
1 5 10
17 20 17
10 12 3
14 17 3
5 10 15
18 21 18
18 21 5
9 13 11
4 7 10
19 21 13
22 2 1
22 2 3
6 9 16
22 4 9
4 6 15
21 1 16
1 4 10
7 9 6
7 11 16
9 14 13
2 7 20
19 22 5
15 18 10
14 19 19
6 10 8
10 12 9
22 1 11
20 0 8
13 16 16
18 20 1
7 10 7
17 21 13
17 21 10
17 19 14
5 8 7
11 14 15
15 17 18
15 18 20
18 23 6
16 20 11
23 1 17
0 4 7
17 19 18
18 21 16
14 16 10
12 16 10
11 13 20
7 9 1
10 13 1
6 10 17
17 20 7
1 3 10
0 2 12
6 8 1
9 14 11
4 8 1
15 16 18
6 7 3
1 4 4
16 18 9
13 16 4
21 23 8
22 1 13
14 18 7
14 15 15
21 23 17
12 17 4
1 4 9
3 5 4
18 20 3
3 6 11
1 4 2
5 7 6
21 1 13
9 11 10
19 21 17
20 23 1
1 3 14
12 14 13
17 20 15
23 2 14
14 17 7
21 3 6
6 10 10
0 3 15
18 20 17
23 2 6
2 3 1
8 11 1
4 7 10
20 23 1
13 15 10
4 9 17
17 20 16
17 20 9
15 17 2
15 17 8
22 1 8
22 23 4
9 11 18
11 13 20
12 16 20
7 9 16
14 17 8
20 0 16
20 21 11
19 20 6
8 11 3
18 22 2
8 11 1
2 5 10
16 18 17
8 10 20
19 22 8
1 2 1
2 4 2
11 14 19
21 0 9
1 2 20
3 7 6
19 23 14
17 20 16
23 2 1
22 2 9
3 7 5
22 0 17
2 4 10
22 0 12
15 17 3
2 4 9
23 2 20
7 8 18
19 22 8
13 17 16
15 17 2
10 13 12
10 12 8
23 3 1
15 19 13
22 1 8
2 5 7
0 4 12
19 23 6
14 16 17
15 18 2
12 14 15
13 16 1
7 10 1
19 21 8
3 5 7
14 16 4
7 11 12
17 21 4
0 3 19
19 23 20
12 17 15
22 3 6
15 18 5
6 10 3
2 7 14
22 3 20
8 11 10
16 19 12
15 19 1
20 23 16
0 2 12
23 2 14
23 2 19
6 10 3
15 18 14
13 18 7
1 3 15
7 11 7
5 7 5
9 10 1
20 23 7
6 9 15
14 17 12
2 5 8
1 4 2
22 2 3
23 2 14
15 19 17
9 9 8
3 8 2
21 23 12
8 10 4
10 14 16
7 9 7
15 17 20
18 20 16
23 3 8
13 17 7
21 1 3
