1000 70
67 37 12 13 38 8 22 67 64 3 59 34 58 15 60 28 52 70 67 34 34 55 54 4 43 30 65 2 26 47 15 19 62 41 19 22 3 18 10 7 10 70 38 68 27 69 29 47 30 68 31 11 44 21 35 23 59 18 65 48 41 24 16 20 33 14 14 26 70 41 
9 13 56
2 6 63
21 1 11
14 17 15
0 4 12
23 2 31
5 8 23
7 11 38
21 22 46
10 13 63
23 3 55
20 22 32
5 8 37
13 16 18
10 13 32
23 2 56
6 10 67
3 5 21
11 13 48
3 5 33
19 19 32
18 21 51
22 0 13
7 9 9
9 12 38
23 3 37
1 2 2
6 9 33
19 23 64
11 15 27
3 7 68
12 17 66
3 6 69
10 12 16
4 7 16
2 5 34
2 5 39
9 12 55
23 1 40
3 6 53
2 5 33
8 10 18
10 11 25
22 0 7
11 13 64
18 22 9
9 11 37
8 12 23
23 2 65
23 3 65
15 18 4
5 7 66
18 21 23
23 1 50
6 9 32
22 0 53
12 17 41
3 7 38
12 15 57
17 20 47
14 18 16
19 22 10
10 13 65
15 17 44
22 0 52
15 19 65
0 4 10
14 18 48
14 14 36
8 9 29
17 20 64
7 10 57
18 22 25
14 17 3
15 19 4
21 0 13
18 22 26
19 23 38
16 20 34
3 7 2
0 3 10
20 21 20
19 21 19
14 16 66
4 10 3
13 16 28
21 0 54
18 21 46
10 14 21
21 0 62
20 22 41
14 16 52
7 10 29
18 20 41
18 19 37
13 15 35
3 6 59
2 5 54
5 9 30
21 0 7
11 16 69
11 15 30
4 8 56
12 17 35
13 18 47
12 17 20
20 23 20
16 18 12
0 4 11
12 15 29
5 8 32
5 8 1
5 6 11
14 17 58
5 8 68
5 10 13
22 1 4
21 1 68
12 14 43
17 19 2
6 10 1
14 15 2
11 14 42
14 16 27
1 4 2
5 7 31
8 12 52
6 10 58
18 20 60
6 9 10
7 9 27
15 19 48
12 16 60
12 14 7
11 13 47
23 1 16
9 11 51
20 0 57
7 10 39
7 9 5
22 0 57
20 23 6
6 9 56
23 1 58
3 7 6
1 3 36
6 8 45
21 23 70
17 22 29
11 13 40
16 22 52
1 3 23
16 19 23
0 5 47
1 4 64
16 18 2
23 3 28
18 21 67
17 21 57
18 23 21
6 11 17
22 1 57
22 2 30
16 18 37
12 17 60
9 12 51
20 0 14
13 17 64
18 20 54
15 18 5
15 19 5
21 1 24
2 4 7
20 21 22
9 12 37
11 14 62
0 2 67
9 11 38
11 12 63
20 22 22
8 11 15
2 5 28
5 6 15
3 5 16
13 15 55
21 23 36
13 16 5
9 11 32
6 8 53
13 16 65
16 18 33
19 20 12
15 17 19
19 22 39
12 15 48
14 18 32
19 22 26
22 2 3
14 17 38
16 18 60
2 4 64
6 8 4
18 21 35
22 1 55
23 3 31
17 18 68
6 10 59
8 10 57
19 22 8
9 11 31
10 12 37
12 14 35
5 7 35
9 12 41
20 23 28
6 9 43
18 20 3
18 21 27
23 2 41
14 17 69
19 22 2
5 8 4
22 1 10
5 9 40
4 6 33
4 5 47
22 0 39
7 11 10
0 4 49
9 11 21
1 3 23
9 12 7
18 21 9
5 9 8
19 21 53
13 15 53
10 13 25
23 2 52
1 4 43
14 17 37
17 21 18
3 6 40
7 11 26
23 1 31
3 7 64
2 5 35
13 17 13
22 1 37
1 4 41
10 15 4
21 0 28
10 15 58
1 4 54
12 14 14
14 15 26
23 2 47
1 5 4
6 9 57
11 16 23
12 14 31
10 13 18
14 17 67
21 1 10
13 16 67
15 17 68
16 17 10
22 2 56
9 11 13
0 2 5
16 20 70
21 0 19
4 7 32
14 16 36
5 8 1
16 17 25
9 11 22
14 17 65
22 2 69
1 4 51
9 12 52
2 6 57
20 2 13
18 21 30
1 4 46
17 20 11
8 10 33
16 19 21
6 9 68
17 21 17
21 22 59
10 13 12
22 1 42
13 16 53
15 18 21
18 21 17
16 18 29
2 6 5
5 9 3
19 22 10
20 23 12
9 13 58
22 1 39
15 18 22
7 10 45
23 1 34
13 17 18
3 6 44
22 2 25
0 1 32
14 17 52
20 21 50
10 14 41
11 14 56
14 18 66
0 3 51
4 6 52
15 19 1
16 19 15
23 2 60
15 19 62
0 2 51
2 7 43
11 14 12
9 11 57
19 22 56
14 16 57
21 1 39
16 20 15
12 14 9
11 14 35
20 23 38
14 18 37
2 7 61
2 5 66
17 21 29
15 20 15
6 9 22
14 16 48
10 13 24
20 22 33
1 2 29
11 15 3
23 1 32
20 22 5
7 10 7
5 7 21
21 22 23
2 4 68
21 0 62
9 13 21
0 3 33
20 21 29
21 1 36
2 5 45
18 22 10
16 18 70
16 19 48
18 20 24
3 4 27
9 13 7
1 5 56
20 23 52
13 17 33
10 15 27
19 23 6
16 19 2
21 0 8
15 18 54
6 8 68
5 10 59
6 9 48
0 3 70
17 21 61
6 9 43
12 14 46
7 9 9
9 11 67
2 5 20
3 5 27
8 11 41
6 8 38
16 19 9
9 13 32
3 6 9
21 0 60
22 1 42
20 0 60
16 20 49
8 11 50
17 20 22
14 17 47
0 4 39
5 8 65
12 14 35
1 5 30
10 11 65
10 14 43
11 14 1
6 9 35
20 23 59
0 2 7
1 4 63
17 20 66
22 23 43
12 15 37
9 11 54
1 3 51
11 15 35
8 10 57
13 16 26
13 16 68
8 11 46
2 4 42
17 21 26
8 11 38
8 13 15
20 22 40
22 2 16
18 20 8
2 5 67
17 21 70
7 12 29
2 5 16
13 15 24
6 10 32
3 5 5
8 11 15
22 0 5
20 0 59
7 12 26
10 13 55
23 3 57
20 1 28
10 11 14
4 9 32
15 21 69
12 14 22
0 2 47
4 7 6
0 4 13
15 18 14
8 11 12
19 22 37
14 17 60
15 19 16
1 6 62
0 3 49
6 9 9
11 14 20
11 13 52
22 1 38
11 13 13
23 3 59
11 14 28
23 0 33
18 20 8
10 12 12
4 6 28
7 10 26
1 5 52
23 4 41
14 17 64
21 0 32
11 13 29
13 16 33
18 22 29
15 17 13
19 23 2
0 4 33
10 13 34
20 22 23
14 16 24
20 23 35
8 12 42
3 7 33
18 22 12
17 22 65
21 0 30
17 20 45
19 22 52
12 14 43
7 9 16
12 17 67
20 23 29
13 18 26
22 1 70
2 5 2
13 17 58
20 22 64
8 10 46
2 4 53
20 0 69
6 8 4
2 5 53
11 12 41
11 14 47
10 13 26
15 18 4
9 12 18
16 19 17
2 5 3
12 14 15
0 4 51
23 2 70
11 14 66
21 1 44
10 12 29
19 22 21
6 10 7
0 3 59
10 12 51
23 3 49
18 21 27
18 20 69
4 7 58
4 8 58
13 16 4
22 2 21
16 18 59
15 18 63
15 17 44
12 14 61
4 8 31
15 19 55
13 16 21
20 22 5
7 9 64
6 9 68
2 5 21
8 11 56
8 12 15
13 17 23
21 1 6
17 20 14
21 23 62
15 17 47
17 20 37
17 20 24
7 11 67
12 12 55
8 10 16
23 3 44
9 12 16
10 12 33
3 5 15
23 2 5
9 13 23
16 18 48
11 13 33
21 1 16
2 4 33
0 3 28
21 0 10
6 9 63
6 7 23
18 20 47
4 7 61
1 5 16
17 21 51
9 12 41
23 4 53
23 3 48
9 14 44
20 0 24
11 15 22
10 13 64
5 6 11
11 15 61
9 12 4
8 11 36
2 4 19
18 20 39
16 20 12
0 3 22
11 16 13
1 4 49
9 12 15
3 5 41
6 9 68
17 19 53
14 16 68
0 5 33
2 5 50
12 15 47
22 0 25
15 16 45
0 3 57
13 16 45
13 15 1
14 18 63
14 16 46
3 6 9
4 6 44
20 0 15
1 5 37
8 11 11
5 8 19
10 11 48
0 3 23
10 13 37
16 18 10
21 23 67
3 6 40
16 18 66
0 3 7
0 1 51
14 17 45
21 1 15
21 23 44
13 17 30
17 21 15
0 5 44
16 19 47
16 21 30
14 19 61
11 16 53
11 14 6
9 12 20
14 19 7
23 1 54
19 21 14
3 9 60
18 20 14
14 18 68
12 15 38
17 19 67
0 3 57
6 10 57
14 18 6
6 8 37
12 15 16
16 18 16
1 7 7
21 0 57
21 0 64
0 3 15
9 12 65
2 6 23
18 20 49
14 18 39
2 2 61
15 20 65
19 22 30
12 15 35
13 16 27
18 21 47
1 5 8
18 21 67
7 10 30
22 2 21
9 11 15
9 11 18
2 6 18
3 6 66
4 5 45
2 6 43
11 14 65
1 6 41
20 23 25
19 22 68
16 20 9
2 6 27
9 13 37
0 4 47
10 13 46
7 9 15
16 19 3
15 18 11
19 23 42
14 17 1
23 2 21
11 13 1
15 16 23
11 13 13
0 3 14
14 15 43
0 4 16
1 4 7
13 17 48
20 22 14
7 9 7
6 8 59
3 5 70
12 15 41
0 1 41
3 7 9
4 7 34
14 16 42
22 23 28
23 3 54
16 19 58
14 17 54
15 18 60
12 17 12
6 9 44
9 12 39
5 11 69
18 22 55
15 18 33
13 16 9
20 23 66
0 4 28
1 4 51
14 18 61
13 18 39
16 19 18
21 22 5
13 18 55
3 5 16
20 23 38
2 5 45
17 21 5
18 21 46
7 9 32
18 22 69
21 0 61
23 4 58
7 10 34
0 3 45
16 19 16
7 10 43
15 17 14
20 23 10
14 15 35
6 10 54
21 1 69
22 2 9
19 1 13
21 23 15
23 2 59
6 9 52
15 18 3
16 20 32
23 3 25
22 0 47
15 19 45
0 2 2
12 13 11
18 22 66
14 19 70
6 8 18
10 12 25
8 12 41
16 18 45
2 6 12
6 7 66
6 10 63
7 9 64
4 7 1
15 17 42
17 18 11
18 22 26
1 2 65
4 6 35
10 13 7
17 20 68
1 5 30
20 0 4
8 11 45
11 15 8
2 3 61
17 21 14
1 1 20
1 4 17
6 8 47
7 9 56
11 14 67
8 11 28
9 12 6
15 19 52
4 6 20
16 19 42
10 12 51
20 22 10
12 15 55
9 10 5
2 4 23
19 23 32
1 3 33
14 17 27
18 21 7
0 4 58
17 21 18
0 2 37
22 3 24
20 22 68
16 20 40
8 12 57
12 14 65
21 2 65
15 17 35
0 4 18
11 14 37
7 9 48
5 7 11
14 19 43
1 5 19
12 15 16
2 5 10
16 17 36
5 6 46
8 11 6
13 16 51
16 17 2
12 15 21
3 7 52
23 2 14
19 21 61
5 8 60
22 0 28
18 21 68
22 1 67
18 19 23
12 15 28
19 21 17
22 1 66
10 13 70
10 13 62
0 3 51
20 1 20
12 15 10
8 11 30
19 22 64
11 14 45
12 15 63
1 2 56
5 7 30
16 20 10
18 23 16
16 19 25
14 16 10
15 18 24
13 17 60
12 15 1
15 18 34
8 12 31
8 10 48
3 4 66
16 19 67
3 7 58
7 11 6
15 17 66
1 4 40
11 15 3
2 6 65
10 14 3
10 13 44
0 3 43
3 8 1
19 20 19
22 2 58
16 20 67
18 19 70
7 10 36
23 2 44
18 19 52
17 20 51
19 22 10
1 3 63
4 6 5
12 13 4
21 23 67
21 1 45
14 17 66
14 16 51
0 3 21
22 1 10
20 23 40
9 12 13
2 5 52
13 17 33
6 10 10
4 9 38
22 2 52
15 19 1
18 20 53
21 2 59
18 22 36
10 13 39
13 16 30
2 5 40
3 6 69
4 8 60
12 14 63
0 2 33
1 5 62
17 22 4
23 2 40
19 21 63
8 11 65
21 23 69
5 8 5
16 19 47
5 9 63
12 14 23
16 20 14
16 20 32
17 21 24
10 14 32
18 20 46
11 16 51
2 5 37
13 16 50
21 23 18
11 13 35
19 21 14
14 18 55
9 12 50
18 21 57
22 1 16
15 17 19
13 16 61
8 11 31
16 20 25
22 3 28
11 13 12
2 6 63
20 23 43
5 8 59
22 3 69
3 4 69
21 0 28
23 3 36
3 6 40
12 15 37
5 9 25
12 14 30
11 14 67
21 22 14
12 14 13
8 10 46
17 19 49
10 13 27
10 15 58
22 0 33
21 1 51
12 16 39
13 16 61
15 16 26
6 9 22
19 21 54
3 5 66
3 7 7
16 21 62
23 1 39
9 11 43
12 13 42
23 1 33
20 23 40
5 7 62
5 7 23
5 6 67
18 21 28
21 0 52
13 16 65
8 12 42
9 12 22
10 13 51
4 8 27
17 20 58
9 12 22
14 17 67
16 17 24
15 19 49
23 1 5
11 15 55
4 7 3
18 21 24
13 15 56
3 6 2
10 12 45
2 5 33
8 12 56
13 16 48
17 19 15
11 13 41
9 13 60
15 18 6
20 23 47
15 18 32
4 7 10
15 18 34
5 9 53
3 4 7
17 21 63
14 18 49
6 10 60
3 7 15
19 23 40
3 6 17
14 17 46
10 12 42
13 15 37
23 2 1
16 19 24
12 15 51
3 8 50
18 21 68
5 9 54
5 8 70
