100 10
3 10 8 2 10 3 5 6 3 3 
23 1 1
7 9 3
5 9 10
23 3 2
23 2 8
16 18 1
4 7 6
12 15 4
18 21 4
7 9 4
13 17 9
7 12 8
2 5 1
2 5 3
17 19 10
19 22 2
4 7 1
5 7 6
13 15 5
0 4 1
18 22 6
23 1 3
4 7 1
9 11 8
7 10 1
8 11 5
12 15 9
8 13 10
9 10 9
8 10 3
7 11 4
18 20 1
18 21 2
22 2 2
15 18 5
4 7 9
21 0 8
20 0 9
0 3 1
6 9 7
18 21 2
23 1 1
13 17 7
6 8 7
17 20 7
15 17 3
10 14 1
5 10 10
11 15 2
4 7 7
14 18 10
17 19 6
16 19 3
21 0 10
16 20 3
14 17 1
6 8 3
13 15 7
10 14 9
21 2 1
1 4 4
17 20 10
23 3 6
20 21 4
8 12 8
21 1 8
13 16 2
19 21 4
18 21 1
12 16 10
8 10 3
16 17 8
6 9 4
5 7 1
18 20 8
19 21 10
10 11 10
14 17 1
10 12 6
2 3 9
3 6 9
6 8 8
22 2 4
10 14 4
23 2 9
3 6 10
13 16 9
3 7 2
18 22 10
10 13 7
17 20 4
2 6 2
10 13 7
2 4 5
8 11 6
19 21 7
10 14 1
0 3 5
10 12 2
13 16 3
