10000 70
47 20 7 42 19 1 31 37 45 50 57 18 62 43 41 23 66 42 55 64 48 39 8 27 43 43 20 60 43 69 5 35 1 64 45 4 34 16 44 62 69 60 43 55 4 48 24 27 68 11 70 12 9 46 69 44 37 6 11 38 52 30 6 52 18 56 68 49 38 58 
6 9 21
14 19 27
15 19 5
11 13 15
0 4 24
20 1 50
19 22 7
10 13 15
18 21 59
3 7 27
17 20 8
11 13 35
9 12 17
6 11 70
6 8 13
12 16 8
2 6 70
14 17 12
17 18 6
18 21 16
11 13 55
1 3 39
1 2 55
20 23 69
20 0 66
12 15 46
9 12 62
11 15 50
5 8 8
23 2 23
2 4 66
2 5 51
5 8 40
0 3 40
18 22 45
10 14 2
14 17 64
1 3 31
14 17 27
14 16 34
1 6 19
6 9 45
19 23 50
0 2 33
15 19 69
22 1 15
19 21 10
21 23 12
9 13 16
10 12 68
19 21 69
0 4 17
20 1 6
6 7 35
17 20 17
20 21 62
7 11 54
5 8 42
1 2 32
5 7 8
11 14 24
23 2 42
20 23 51
22 0 2
1 5 43
18 21 46
19 22 62
7 11 55
11 16 55
11 16 41
7 10 20
17 20 26
4 8 33
22 1 56
11 13 64
13 17 29
2 6 8
2 3 24
11 13 19
3 7 12
2 4 34
5 9 50
15 19 37
23 3 68
9 12 16
2 5 58
1 5 7
20 23 41
23 3 37
21 1 29
0 3 42
3 7 29
10 11 49
10 14 26
2 6 7
19 0 25
9 13 29
3 6 43
18 21 17
17 20 38
13 15 67
8 11 43
6 7 13
5 9 46
18 20 17
4 6 31
1 4 33
6 10 59
15 17 29
1 4 40
14 17 12
9 13 12
21 0 41
21 1 33
9 11 24
5 8 37
20 0 35
13 17 4
19 22 65
8 11 49
17 18 51
9 11 64
2 4 14
1 4 31
23 0 6
21 0 66
7 11 42
1 5 70
1 4 61
22 0 52
19 23 33
6 8 30
1 5 62
18 22 28
8 10 28
22 2 50
19 23 25
4 9 36
2 7 36
12 13 5
6 12 9
17 20 39
18 21 32
4 9 47
21 23 14
1 5 37
8 11 16
7 10 39
5 9 10
10 14 18
6 8 68
1 4 25
0 3 12
14 18 52
6 10 24
2 6 14
3 7 67
20 22 36
9 12 39
1 3 43
16 19 59
19 22 50
22 2 22
17 19 26
19 22 12
15 17 49
14 17 69
6 8 39
20 23 52
19 23 2
3 7 44
2 4 67
17 19 62
5 8 21
15 17 38
5 9 69
15 18 11
17 21 7
13 16 37
7 10 42
3 8 70
10 13 20
3 5 33
5 9 15
16 18 47
3 4 6
15 17 60
19 21 37
6 10 50
23 0 19
7 9 2
0 1 38
5 7 32
5 8 34
9 13 29
8 13 36
17 20 2
0 2 4
4 6 14
18 20 53
23 4 34
20 0 28
20 0 19
3 4 50
20 23 17
14 16 62
12 16 2
20 0 8
4 8 52
19 23 68
21 2 42
6 9 45
6 10 1
11 15 1
17 21 33
15 20 26
2 5 5
5 10 26
0 3 64
22 23 66
16 18 3
6 10 60
5 8 58
18 22 66
16 20 51
17 19 54
15 21 28
17 20 8
17 19 4
14 17 27
13 13 6
19 22 40
1 3 27
16 18 40
3 5 64
4 7 19
13 15 19
14 17 69
21 0 38
11 14 62
12 15 62
9 10 6
3 5 54
5 8 14
8 11 30
18 22 60
15 19 35
10 13 17
16 20 8
16 17 23
18 20 31
4 5 4
15 17 32
14 18 54
16 20 61
20 22 18
10 13 64
15 18 62
17 20 3
5 8 6
6 9 34
18 22 7
1 5 62
14 18 47
6 8 65
19 21 33
3 5 5
17 20 51
14 18 35
2 5 13
17 19 57
17 19 64
21 2 11
16 19 35
0 4 9
6 9 19
14 17 14
2 4 38
2 5 54
15 17 28
13 15 48
11 15 57
22 0 64
15 17 40
19 21 64
5 7 3
15 17 57
2 4 27
5 8 58
4 6 54
15 16 47
17 20 18
15 17 35
0 2 17
0 3 3
11 15 10
3 6 48
1 3 22
18 21 42
22 0 35
8 12 32
12 14 6
15 18 50
3 7 6
14 18 28
9 11 3
18 20 24
15 19 41
13 17 20
7 11 30
20 23 46
5 6 1
10 12 21
9 13 32
1 5 54
21 23 63
23 1 41
16 20 56
9 12 57
17 20 19
11 14 1
8 11 64
13 14 11
11 16 8
7 11 18
1 4 35
18 20 1
14 16 40
1 5 31
12 16 36
3 5 9
13 17 31
17 20 58
17 20 50
23 2 49
14 15 58
10 13 52
8 11 22
4 7 27
22 0 9
1 4 61
17 21 11
6 8 54
4 8 9
20 0 15
15 18 15
9 11 44
11 15 29
0 4 6
5 9 70
21 23 5
12 15 43
15 18 12
5 6 68
7 10 21
23 3 69
20 2 4
8 12 1
12 13 61
13 16 50
13 17 65
6 7 50
2 5 50
16 18 40
15 17 5
13 14 27
10 11 59
19 21 56
2 6 1
7 10 4
4 6 25
16 20 45
6 8 9
19 0 47
15 16 23
18 21 59
15 19 58
20 0 30
8 12 3
3 6 24
14 17 64
1 2 1
1 4 33
1 5 55
23 0 4
7 10 40
7 8 13
22 1 41
7 11 37
0 3 51
4 7 53
2 5 57
23 2 18
4 8 26
8 11 38
14 18 50
21 0 59
23 2 10
9 10 24
2 4 6
23 1 3
3 6 11
9 12 55
3 6 24
8 11 3
10 14 39
8 12 62
0 3 7
14 18 14
23 2 10
11 13 54
5 8 7
15 17 27
16 19 1
14 18 69
14 15 10
6 8 49
18 21 37
20 0 69
16 20 27
9 13 36
11 12 67
20 23 33
21 23 32
15 17 30
16 19 39
5 8 21
11 15 20
18 23 38
13 15 2
19 23 55
6 10 61
0 4 8
1 2 11
16 19 12
3 6 16
8 10 65
1 3 19
14 17 47
23 2 23
9 13 45
7 11 28
23 23 64
10 13 38
23 3 45
12 14 3
20 1 65
5 9 27
19 21 2
10 13 17
13 16 30
15 17 10
15 19 33
14 18 20
5 9 7
4 7 3
16 21 43
16 19 49
9 12 58
3 5 17
11 15 67
9 12 29
19 23 25
6 10 31
6 9 63
4 7 39
1 4 23
7 10 1
11 14 29
16 18 18
15 17 11
20 23 19
8 10 22
21 0 65
12 15 25
13 16 47
5 8 37
21 1 18
17 19 23
21 0 68
18 19 28
5 8 8
1 4 60
0 4 69
19 23 7
16 18 46
6 8 20
0 4 25
19 23 55
12 16 1
20 23 39
6 10 9
7 10 21
17 19 56
12 14 31
0 3 38
18 22 18
3 7 31
6 9 53
3 8 2
21 23 42
1 5 22
0 5 39
22 2 58
22 0 37
0 4 56
6 7 50
13 16 32
18 22 69
13 17 5
20 21 14
17 18 34
3 8 43
11 12 45
20 22 22
5 7 8
23 1 57
20 21 46
17 20 33
4 6 15
3 6 21
10 13 68
23 3 55
18 22 41
6 8 11
8 11 7
2 6 59
6 11 43
21 1 40
4 8 34
12 16 12
4 8 58
20 23 20
16 18 54
0 5 41
3 6 36
14 17 55
22 1 10
14 17 40
18 21 1
19 21 18
17 19 41
2 7 67
9 10 31
12 14 22
2 5 65
20 22 43
15 17 67
12 15 27
13 15 8
15 19 30
7 11 29
2 5 48
9 15 63
5 11 4
12 15 39
20 22 31
9 11 65
18 22 3
13 15 67
4 7 8
3 6 39
14 18 68
17 21 1
10 14 28
20 21 58
11 13 43
3 5 4
12 15 32
16 18 40
11 15 60
18 21 28
3 5 37
15 16 11
0 3 25
14 17 12
1 4 50
19 22 16
0 2 15
8 11 6
12 14 7
13 16 58
5 9 13
17 21 18
15 19 44
16 18 61
5 10 50
22 0 7
12 14 51
2 5 49
16 18 10
18 21 42
2 5 60
4 7 53
21 1 18
5 8 32
14 17 61
0 3 3
17 20 17
1 5 21
19 22 51
18 20 16
14 17 51
10 13 55
22 0 7
8 11 30
9 11 35
1 5 41
4 6 44
5 8 25
22 1 60
6 10 11
12 17 45
0 2 60
12 14 59
0 3 20
13 16 16
23 3 23
12 15 14
9 11 25
13 14 32
18 20 50
21 1 19
21 22 52
17 19 61
13 17 62
23 1 35
19 21 70
8 12 19
23 3 35
20 22 24
13 17 70
22 1 5
11 14 66
19 0 64
21 0 55
14 18 43
10 14 39
17 18 52
23 2 56
0 3 9
14 17 21
11 14 30
11 13 1
6 8 56
23 2 64
7 8 57
10 13 33
6 9 30
12 16 47
20 23 55
14 17 49
17 20 7
13 15 48
11 15 66
7 9 55
7 9 50
15 19 3
16 19 2
18 20 13
22 0 44
10 14 55
17 19 17
14 19 22
2 4 69
15 16 49
15 17 67
22 1 20
5 8 10
16 20 50
8 10 31
21 0 55
17 20 58
8 9 59
2 6 29
18 22 14
1 4 9
5 7 35
1 4 31
7 9 66
6 8 56
1 4 24
11 12 24
21 0 5
16 20 47
6 8 35
9 12 54
3 6 54
10 13 13
16 20 67
19 22 65
6 11 44
19 22 36
9 12 7
15 19 13
8 11 40
10 13 47
18 20 31
4 8 32
19 22 28
23 3 2
0 3 10
11 14 59
18 21 34
13 15 34
2 5 49
17 19 33
5 8 18
2 6 62
23 1 38
15 17 15
23 2 59
8 11 48
10 12 40
9 11 19
18 21 27
8 10 24
10 14 21
19 21 45
7 11 47
17 20 12
15 18 67
4 7 1
12 16 26
14 17 50
3 7 17
5 8 12
9 11 28
4 7 13
23 1 10
4 8 62
1 5 18
4 8 24
12 14 17
11 15 60
14 16 18
12 17 15
20 22 38
18 20 54
3 5 51
13 16 33
2 5 4
15 19 52
3 6 42
8 11 68
13 17 42
0 2 45
9 13 19
14 17 39
19 21 31
12 15 45
12 15 21
18 22 17
8 12 48
18 21 5
16 20 10
15 18 54
23 2 12
19 22 3
23 2 43
22 3 8
6 9 58
19 23 1
22 1 3
5 9 63
2 4 37
11 14 15
10 14 15
8 12 39
2 5 46
3 7 6
16 21 42
22 0 60
8 13 36
0 3 66
6 10 43
22 23 63
10 13 30
3 5 62
7 10 17
16 16 23
23 1 64
15 16 37
20 23 68
7 11 48
22 1 16
1 2 27
22 1 67
0 1 58
18 22 1
5 6 8
10 12 54
18 21 34
17 21 26
14 16 28
13 16 32
19 0 62
5 9 25
17 20 4
8 12 49
2 4 30
15 18 12
22 0 47
5 8 31
17 20 6
8 11 34
12 15 21
16 18 40
9 11 27
15 19 46
14 17 27
3 5 7
18 20 62
12 15 4
17 21 69
8 13 70
16 17 23
17 19 49
9 12 24
7 8 34
11 15 26
16 20 39
20 22 57
6 9 43
1 5 12
1 6 21
5 6 49
21 23 25
13 16 8
12 13 27
4 8 52
15 19 11
11 14 66
16 18 49
19 23 39
17 20 44
15 20 59
17 20 58
0 4 57
5 8 70
13 19 59
15 18 7
10 14 35
18 21 60
15 19 61
19 21 22
7 11 27
20 0 36
21 23 60
21 0 7
9 10 7
0 4 58
1 4 51
20 22 22
22 1 52
0 2 20
2 6 23
11 13 63
16 20 7
13 17 65
10 13 26
13 16 64
9 13 17
1 2 11
22 0 49
23 1 6
7 11 51
19 22 57
20 22 31
21 1 4
15 17 20
1 3 31
7 10 64
14 18 1
1 4 12
9 14 36
21 1 44
19 21 57
10 12 66
8 12 8
16 20 34
18 21 62
19 20 49
18 23 66
21 23 22
0 4 52
5 9 63
18 20 5
19 22 29
10 12 70
23 2 8
21 3 4
2 6 40
3 6 54
13 16 62
7 10 37
14 18 12
14 16 15
14 18 50
16 21 17
5 7 28
7 9 56
21 22 12
2 5 23
21 1 56
11 12 18
16 18 35
12 15 17
5 7 62
8 12 50
16 19 34
15 18 58
9 12 17
12 14 49
11 14 57
9 12 16
11 13 68
5 8 61
16 19 65
2 5 45
3 5 62
13 17 12
16 18 5
7 10 15
15 19 22
3 6 11
18 20 41
14 16 5
2 4 26
9 12 16
5 7 42
22 0 9
15 17 23
17 20 63
21 0 26
16 19 17
12 13 55
4 7 25
22 2 55
3 7 57
22 1 57
2 6 52
7 10 43
19 22 2
20 23 68
18 22 64
15 18 44
21 0 54
7 9 25
14 15 19
0 3 5
10 12 23
15 17 27
1 5 41
6 9 54
11 14 46
2 3 59
14 16 46
7 10 39
16 20 62
14 16 57
0 3 29
16 21 53
3 7 17
20 1 39
13 17 19
3 7 47
2 7 4
2 4 64
22 0 8
22 23 48
2 4 43
13 15 5
23 1 21
9 13 11
8 10 38
19 22 69
21 0 50
5 8 49
1 4 30
19 23 54
12 15 68
0 3 40
13 17 60
11 15 44
12 15 14
6 9 35
16 19 6
22 0 67
20 22 51
10 13 41
6 8 9
9 12 46
5 6 34
7 10 11
21 0 31
23 2 66
19 22 18
6 7 22
13 15 58
19 23 60
20 0 69
12 15 53
23 2 40
22 2 6
9 11 27
10 13 23
2 4 39
19 22 40
18 22 21
4 9 38
4 9 10
11 14 20
6 9 20
0 2 36
7 7 35
15 17 29
8 11 32
22 2 23
5 7 53
5 8 41
11 14 1
19 23 8
23 4 62
2 5 30
15 18 67
5 8 27
15 18 61
22 0 18
18 21 21
7 8 65
23 0 36
13 18 68
1 5 16
10 15 8
10 12 34
5 8 16
0 4 41
23 2 42
6 9 45
12 16 20
7 11 65
13 18 52
15 19 68
20 23 37
20 22 12
0 3 4
7 10 65
1 6 69
4 7 38
2 5 67
4 7 1
11 14 11
9 11 19
19 22 62
22 0 43
22 3 42
20 23 70
23 1 60
3 7 69
11 14 41
22 0 15
3 7 45
10 13 59
21 1 21
16 17 18
4 7 61
23 2 21
10 13 46
20 1 59
19 21 36
18 22 23
5 9 32
2 4 28
22 2 21
8 10 39
2 8 10
18 21 34
3 6 44
19 22 58
20 0 44
1 5 29
18 21 19
18 22 5
21 0 29
3 7 69
1 4 55
6 11 33
2 5 6
7 11 61
6 10 45
6 10 38
5 9 1
16 18 50
17 20 22
5 8 20
5 9 46
0 1 6
1 4 54
17 19 41
1 3 29
1 4 58
11 14 61
12 15 12
4 8 20
21 0 11
10 11 33
18 21 31
5 7 62
10 13 3
21 1 34
15 18 21
21 23 65
16 18 16
6 10 39
5 10 48
2 6 35
12 15 46
14 19 56
17 20 60
12 16 27
15 18 62
12 16 26
11 12 12
20 22 66
10 14 17
15 18 13
19 23 63
19 20 38
23 1 19
16 19 59
6 9 16
20 23 65
20 23 37
5 6 66
21 0 4
16 19 40
7 9 24
4 5 47
5 8 37
13 16 54
19 21 32
1 5 48
6 8 8
5 8 42
21 0 38
19 23 36
9 12 46
2 6 20
10 14 57
1 3 22
21 0 48
0 3 26
8 8 30
10 13 24
7 9 21
1 4 53
4 7 14
11 14 45
14 17 40
19 23 54
4 7 11
7 10 1
8 9 35
5 11 68
18 22 20
17 19 33
19 21 5
8 9 48
11 14 25
0 3 64
22 0 28
22 1 13
13 16 39
4 5 33
15 18 61
21 0 32
20 23 47
1 5 24
6 9 38
14 17 36
7 10 51
20 23 69
16 18 40
2 6 48
14 17 52
20 0 56
8 12 54
2 5 12
10 13 20
22 0 35
7 10 59
19 22 26
8 11 45
2 3 1
12 13 1
8 12 23
13 15 67
11 12 62
10 13 50
22 1 40
6 9 66
6 9 36
15 19 18
5 7 62
0 4 29
21 1 56
4 8 14
6 6 63
17 22 61
1 5 20
19 21 32
10 14 54
13 15 58
8 12 16
11 13 44
2 6 2
21 0 11
21 1 27
10 14 28
7 10 53
19 23 7
6 7 22
3 7 38
14 17 17
7 9 43
15 19 25
11 15 24
18 22 13
16 19 20
14 18 55
22 0 24
13 17 63
23 0 54
12 17 45
14 17 35
19 22 10
7 9 70
0 1 50
1 3 49
17 19 33
19 21 17
5 7 50
4 8 63
5 9 44
20 23 11
19 0 38
14 18 34
9 13 5
12 16 58
8 10 55
4 6 26
19 21 69
23 2 42
18 21 5
11 14 30
14 18 8
6 10 29
15 18 6
0 5 3
1 5 11
3 5 70
9 13 57
16 18 55
13 15 11
9 15 18
2 6 7
6 9 24
14 16 47
12 15 16
19 22 12
18 21 25
4 8 47
17 21 43
7 10 20
11 14 36
20 23 57
13 16 15
1 3 55
8 11 55
23 2 13
23 1 34
15 18 5
2 7 10
15 19 66
6 9 36
5 9 40
10 13 29
23 3 46
23 1 11
2 6 27
13 16 18
16 19 7
9 14 66
1 2 57
13 17 46
22 1 12
18 21 28
16 20 29
7 8 61
21 23 3
19 22 38
22 3 64
4 8 56
21 1 19
1 2 35
9 11 18
8 11 13
6 7 10
11 14 55
8 10 13
23 3 54
5 9 26
20 21 44
0 3 21
18 19 32
13 17 7
15 17 29
13 17 33
0 4 32
20 0 19
11 16 39
20 23 30
9 13 67
3 5 29
15 19 14
21 1 31
23 2 59
21 23 44
12 14 42
1 3 60
11 12 43
2 6 55
17 21 70
12 15 65
19 22 53
11 16 40
21 1 50
21 0 48
7 11 22
9 11 32
12 16 63
2 4 6
0 3 38
11 12 19
5 8 49
15 19 51
1 4 10
10 12 38
19 22 12
21 22 41
8 10 42
21 0 49
17 19 44
0 4 24
22 23 37
20 22 61
0 3 52
6 9 52
14 18 56
11 14 41
6 8 5
12 13 17
6 10 54
2 4 9
12 16 54
18 21 21
11 14 26
23 1 26
11 15 8
12 16 24
4 8 51
23 1 4
4 8 64
12 14 12
6 11 27
1 6 62
1 3 23
21 0 43
22 2 50
19 21 56
17 19 47
4 8 12
6 9 53
6 10 1
6 9 22
16 18 15
0 4 57
20 23 40
11 13 28
22 1 29
12 15 70
1 7 64
1 4 46
10 13 10
4 6 65
4 8 2
23 3 62
10 14 13
4 5 39
14 16 30
14 17 66
11 14 35
17 20 44
17 21 25
16 19 48
2 4 26
19 21 16
18 21 48
8 12 26
9 13 51
7 11 35
13 18 14
2 6 13
22 23 29
7 10 56
2 7 66
21 1 42
2 7 59
9 12 34
10 14 62
14 17 37
20 0 32
21 0 30
7 10 14
12 16 23
18 20 68
19 22 44
12 15 12
21 22 50
13 18 65
9 13 13
8 11 18
2 6 37
19 22 62
16 19 33
14 17 45
10 13 25
11 16 39
3 5 44
12 16 9
22 2 36
6 8 22
13 17 1
11 15 43
4 6 52
9 13 20
22 2 4
2 6 18
22 0 17
18 22 21
12 14 26
0 3 22
3 5 35
13 17 68
0 2 28
8 11 23
6 8 42
20 22 51
9 10 15
10 13 27
9 12 58
0 3 14
21 23 52
8 11 51
16 19 9
11 15 49
9 11 27
6 9 49
5 8 49
7 9 56
6 9 10
12 15 6
9 12 38
0 4 59
3 6 68
2 3 59
17 19 25
5 10 35
20 23 33
22 3 68
14 17 4
6 9 67
1 4 38
22 2 33
23 2 55
23 3 35
7 11 33
5 8 41
11 13 36
12 15 31
3 7 44
14 17 25
10 11 16
12 15 10
10 14 68
16 20 54
10 12 9
2 3 44
6 11 53
16 18 55
16 20 1
5 8 12
3 5 27
1 3 66
0 3 20
20 22 36
16 19 42
17 21 68
0 2 43
8 11 5
10 13 27
22 1 40
12 14 25
20 0 38
18 20 46
6 8 67
0 4 68
0 3 14
20 22 8
4 7 21
8 11 30
21 1 63
15 16 55
2 6 29
0 2 39
4 7 29
21 22 13
21 23 30
17 19 5
8 10 65
12 16 32
20 0 13
16 17 24
0 3 30
7 9 22
7 9 45
11 13 67
1 4 41
13 16 17
3 5 45
11 14 12
6 8 16
23 2 12
3 5 26
12 14 22
16 19 62
9 12 66
4 8 63
1 5 67
17 20 44
4 9 25
1 2 14
17 19 5
16 19 38
5 8 4
5 6 1
14 18 5
11 14 25
14 17 32
19 22 33
16 17 52
5 8 66
9 11 42
7 9 7
21 0 6
5 8 47
15 17 7
18 21 20
5 8 18
15 19 7
14 17 66
22 0 25
13 16 43
12 15 16
7 10 68
4 6 37
4 9 8
1 4 9
15 18 52
12 15 66
20 0 68
20 1 38
0 3 19
20 1 49
23 1 28
4 8 42
13 17 3
15 16 49
11 12 29
16 18 56
7 9 41
1 3 55
12 15 52
10 12 22
15 19 40
23 3 6
18 20 2
21 23 30
14 17 65
8 12 9
0 1 38
16 19 9
22 0 40
0 3 37
1 4 56
5 8 11
5 9 37
11 16 24
1 5 14
14 16 43
12 15 43
20 0 67
15 19 7
4 8 65
15 18 70
15 19 12
5 9 2
22 1 63
18 21 55
1 5 10
1 2 60
21 23 61
13 17 51
14 17 37
13 16 36
17 18 35
7 9 52
0 3 24
13 16 30
9 12 63
14 17 41
9 11 66
17 19 40
18 22 30
5 8 28
0 3 37
9 13 30
19 22 66
5 8 33
14 17 15
8 10 28
11 13 23
8 12 7
13 17 47
1 4 6
12 16 11
0 2 13
16 19 68
21 23 51
3 5 12
14 17 26
22 1 53
11 13 24
0 3 2
1 5 11
8 12 26
20 23 44
14 19 6
11 17 5
6 11 41
22 1 66
23 3 57
1 4 44
20 23 53
14 18 46
8 11 39
23 4 65
3 7 54
15 18 15
0 3 45
6 9 59
18 21 35
11 16 19
8 10 38
3 5 45
1 5 1
5 7 17
15 17 70
6 9 29
22 0 10
8 12 70
14 19 29
6 9 64
5 9 48
19 23 39
22 2 32
10 14 66
23 3 69
14 18 33
21 2 46
21 1 4
5 9 65
14 18 8
7 10 22
11 15 32
2 4 64
21 0 3
6 9 14
9 13 6
3 6 8
9 12 66
9 10 64
8 11 24
13 18 9
19 21 12
7 10 45
3 7 47
12 16 46
3 7 22
23 2 26
6 7 45
2 4 60
21 0 55
19 22 52
6 8 15
7 10 46
19 23 28
23 4 45
19 21 66
4 7 1
17 21 13
23 3 37
21 1 40
15 15 36
22 1 31
18 21 33
14 18 36
0 2 2
17 21 34
13 14 29
11 15 44
1 4 44
22 1 53
7 10 18
14 17 44
4 9 62
2 4 17
22 1 70
22 23 16
22 1 29
1 4 61
19 22 49
7 8 3
22 0 42
12 15 16
19 22 4
19 22 3
20 0 43
11 14 1
11 12 56
16 19 33
17 20 4
18 23 6
13 16 47
1 4 1
11 14 47
17 21 67
18 21 42
6 8 4
2 4 8
22 0 52
8 11 3
20 1 69
5 8 65
14 17 50
21 23 31
22 1 24
17 19 1
16 16 12
9 11 10
16 18 34
16 20 23
6 10 25
6 8 21
9 12 27
4 6 32
1 4 70
12 13 51
22 1 12
12 16 26
1 5 23
7 11 48
20 0 23
2 5 33
6 9 19
0 2 24
10 12 17
18 21 57
18 22 21
1 4 45
20 2 32
20 0 15
20 21 28
4 6 47
7 13 36
10 15 69
17 21 32
13 15 55
4 7 35
11 14 37
9 14 36
2 6 36
11 14 9
3 6 44
20 23 60
9 12 43
6 11 20
17 20 64
5 8 1
1 2 54
4 7 68
16 18 50
9 12 5
13 15 65
4 8 47
23 2 22
3 7 44
10 13 32
7 10 31
3 8 59
11 13 55
13 17 47
14 17 63
6 8 19
22 0 47
22 1 61
1 4 41
0 1 64
17 21 1
19 21 56
17 21 25
6 10 18
18 21 5
12 15 9
1 4 21
3 6 2
17 22 19
5 8 52
22 0 47
1 3 4
12 16 31
6 10 65
21 2 11
18 20 4
7 6 17
22 1 25
8 13 51
0 2 26
7 11 12
16 19 64
0 4 41
15 19 34
4 7 45
5 8 43
9 10 42
5 9 21
3 7 9
13 17 9
6 8 30
9 11 23
5 9 59
0 1 51
21 0 52
17 19 31
23 1 63
3 7 39
22 1 35
21 1 64
7 10 52
19 22 67
8 11 48
22 0 38
3 5 24
11 14 17
2 6 17
16 19 46
20 1 10
1 2 25
1 3 18
19 21 21
18 20 14
2 5 56
23 2 53
21 1 45
14 18 60
16 21 56
3 5 30
9 10 24
11 15 67
18 22 58
19 21 8
12 15 66
17 20 53
17 20 20
21 23 28
3 5 36
12 15 11
10 14 70
5 8 59
20 22 2
9 11 43
15 19 29
0 3 56
21 0 26
22 2 63
6 9 61
17 20 69
15 18 12
9 13 51
21 23 54
6 8 21
16 18 3
23 1 52
2 7 56
14 16 69
18 20 16
10 11 36
0 4 25
12 15 44
2 4 22
3 6 29
20 0 3
10 14 65
20 23 12
22 2 19
3 8 64
8 11 27
16 19 56
18 21 20
9 11 45
2 6 50
5 8 70
8 11 62
3 6 64
2 6 64
7 9 24
15 18 70
13 18 19
14 16 9
9 13 67
8 11 26
12 14 4
18 20 34
18 23 31
20 23 25
19 23 35
22 23 46
8 11 35
12 15 55
2 4 67
0 3 56
17 20 57
5 7 51
1 3 58
18 21 61
22 0 31
5 9 40
22 1 17
7 12 66
15 17 24
6 10 37
18 20 68
21 0 28
4 6 60
8 12 9
0 3 42
19 21 66
18 21 12
21 0 24
8 9 19
8 12 52
13 17 15
16 18 46
13 17 48
21 1 42
13 15 58
18 22 21
2 5 9
9 12 58
17 21 15
21 0 3
6 9 56
17 20 3
2 6 57
4 7 20
11 14 18
6 9 20
9 13 25
8 10 26
19 22 39
13 18 22
15 17 29
15 17 17
20 0 5
0 4 2
4 7 66
20 21 21
4 6 16
11 14 10
15 18 35
13 14 9
11 14 21
21 1 11
15 19 46
12 16 39
6 10 51
19 23 65
13 15 8
23 3 52
9 13 69
13 15 35
6 10 21
22 2 16
12 14 9
6 9 49
6 9 35
4 7 7
13 16 50
19 22 28
10 14 6
4 5 8
9 13 49
0 4 17
19 0 45
7 11 52
11 15 9
1 4 67
2 5 52
22 0 55
5 8 14
14 16 60
2 6 21
2 5 13
12 15 22
16 20 27
1 4 15
13 18 6
9 12 37
13 15 55
19 21 5
12 16 29
9 13 19
8 11 7
23 3 7
4 8 68
4 8 7
12 15 58
2 4 46
14 17 9
13 16 56
23 1 47
3 5 35
8 11 54
14 17 17
15 18 61
14 18 9
0 5 31
14 17 63
7 9 63
15 16 27
9 12 41
14 18 17
4 7 7
2 5 45
12 15 26
23 2 55
8 11 4
21 22 63
16 18 37
21 0 64
12 16 13
10 13 19
16 20 66
10 12 4
16 19 1
2 6 23
1 3 4
1 5 1
13 16 5
10 13 46
18 22 21
13 15 18
19 22 42
2 4 16
11 15 29
13 16 64
1 3 6
17 19 56
2 8 31
0 3 54
12 15 69
14 18 32
13 17 12
17 20 22
7 11 7
11 14 28
13 15 8
13 16 16
5 8 62
20 0 47
7 11 57
19 0 8
11 14 7
9 11 9
3 6 65
4 8 23
23 1 66
12 16 20
21 23 51
16 18 2
4 7 66
10 12 66
11 13 21
20 23 55
14 17 19
15 17 37
21 0 63
17 19 6
4 6 21
16 21 52
15 17 37
2 5 21
4 8 62
9 14 43
18 22 29
18 22 21
22 1 3
23 1 60
14 16 53
3 7 55
16 20 51
20 1 2
2 5 53
20 22 10
16 19 51
15 17 37
12 15 7
11 14 68
15 20 58
13 16 69
16 19 7
20 22 60
12 14 42
4 6 47
9 12 12
10 11 52
22 2 3
0 4 26
7 11 63
9 12 64
23 3 55
4 8 28
10 12 62
0 3 20
7 10 37
20 23 5
3 5 31
23 2 51
2 5 15
13 16 62
8 11 68
0 5 26
11 13 29
5 10 20
14 16 10
10 13 40
17 19 33
14 18 2
23 2 45
6 8 70
17 21 46
20 0 60
16 20 67
6 9 14
17 19 42
12 16 3
0 5 62
22 1 1
5 8 57
19 22 5
4 8 44
11 13 8
9 12 50
18 23 23
17 20 59
22 2 17
10 15 43
23 3 49
19 21 44
18 20 61
1 6 17
6 8 15
2 6 9
19 22 57
13 16 11
9 12 45
16 19 13
5 8 10
10 13 21
21 23 54
4 7 7
5 9 36
4 7 49
22 2 39
8 11 64
13 15 23
5 8 47
4 9 2
4 8 12
10 14 59
22 2 59
10 13 37
7 9 57
6 8 49
18 21 62
15 19 44
9 8 42
3 7 8
1 5 42
6 10 56
20 22 57
17 20 55
20 23 33
19 22 70
20 0 26
2 5 60
10 13 46
13 16 35
16 20 55
6 10 19
15 20 17
0 1 7
2 6 25
21 0 24
19 22 66
16 20 10
23 1 63
9 10 8
8 9 14
9 13 65
6 10 37
12 15 33
21 0 69
22 23 51
14 15 37
12 17 56
18 21 5
11 14 47
1 4 62
18 20 37
22 1 26
18 22 48
13 16 56
21 1 45
13 15 40
23 1 50
15 18 19
20 23 70
18 21 14
13 16 28
20 22 7
5 6 65
4 6 57
8 12 19
0 1 66
6 10 22
23 1 60
6 11 21
6 8 46
9 12 62
19 22 67
7 10 29
11 15 62
10 13 23
12 14 20
18 19 38
11 15 58
8 11 44
5 7 6
19 21 5
0 1 3
19 21 16
1 3 51
1 4 4
14 16 27
14 16 7
15 16 59
17 19 20
15 19 27
16 18 40
3 5 54
18 20 45
11 14 42
6 10 43
12 15 45
20 22 32
17 20 33
20 22 57
22 1 2
3 6 32
17 19 13
9 10 11
9 13 40
0 3 65
13 17 65
4 7 19
6 9 17
6 10 43
9 13 67
0 2 14
23 2 9
15 19 15
21 0 42
11 13 32
0 2 30
23 3 61
5 8 38
2 6 22
3 6 61
7 11 39
9 11 37
5 6 11
15 17 57
11 13 40
10 12 3
17 20 19
9 14 56
15 17 22
18 19 65
6 9 31
8 9 14
23 2 25
4 9 6
3 7 48
11 15 69
19 22 28
17 21 43
3 5 59
12 15 55
11 14 66
10 14 52
2 4 45
13 15 70
12 14 32
4 8 39
20 23 38
18 20 50
8 11 41
18 20 49
21 1 60
0 2 33
0 3 26
6 9 28
21 3 40
16 18 4
17 21 57
5 8 9
2 6 60
0 1 68
3 6 29
6 10 47
16 19 42
20 0 60
5 7 48
22 1 55
0 3 60
12 14 70
10 15 56
2 6 68
20 23 3
8 11 24
11 13 59
7 11 17
7 11 6
21 0 1
7 9 2
17 18 9
1 4 64
16 19 15
20 22 45
13 16 46
7 12 57
1 5 14
0 5 14
0 5 5
8 10 31
6 9 53
23 2 1
17 21 27
14 15 4
7 9 66
22 0 61
6 10 39
23 3 24
13 15 5
6 9 12
6 10 69
12 16 16
6 10 4
0 4 30
23 1 66
8 10 32
3 5 14
21 23 6
21 0 29
20 21 60
17 21 3
20 23 61
1 4 14
19 22 48
6 8 14
19 22 37
15 17 11
22 1 67
16 18 65
20 22 7
5 8 66
18 20 46
21 0 35
23 1 20
13 16 19
9 12 43
4 7 16
12 15 48
22 23 26
18 21 54
8 11 61
19 20 28
17 21 40
6 10 39
20 23 66
16 21 19
23 1 6
23 3 19
9 11 66
6 9 9
23 2 3
13 16 50
12 15 60
2 4 58
11 14 39
3 6 9
6 8 29
3 5 36
23 2 58
20 23 68
16 20 61
0 5 52
12 13 39
12 15 44
18 22 64
23 2 16
8 12 6
19 23 50
7 9 43
22 2 59
5 8 44
16 20 55
20 0 25
18 21 70
17 20 25
20 0 44
7 12 53
2 7 27
23 1 27
11 14 28
7 9 33
21 0 55
4 7 21
9 12 28
7 11 7
2 5 14
23 2 8
8 12 25
19 22 9
13 18 70
1 5 11
8 10 32
18 20 16
10 13 56
1 4 27
1 4 55
3 5 20
4 6 47
8 11 5
22 1 17
10 15 43
3 6 34
19 21 12
4 7 16
14 16 49
15 19 41
15 17 9
10 13 1
14 17 58
14 17 66
15 19 7
5 7 60
13 16 61
14 16 21
19 22 32
21 0 19
21 0 45
3 7 63
16 19 47
6 10 70
15 18 42
8 9 52
19 22 24
18 21 67
5 9 70
3 5 49
15 18 48
5 7 15
18 20 28
10 15 63
11 14 25
16 18 53
1 5 28
12 13 6
6 9 46
13 16 39
23 2 42
20 23 31
10 13 70
23 2 24
18 21 51
19 22 10
7 12 15
2 4 54
16 20 51
4 8 69
10 13 44
19 23 17
3 6 37
2 4 54
0 3 66
7 9 60
20 22 41
8 10 6
6 8 15
15 17 51
22 0 44
0 2 21
6 9 34
6 9 23
18 21 62
16 19 15
0 3 29
4 6 42
0 2 5
4 6 60
13 16 54
1 2 37
3 6 2
4 7 13
15 18 50
16 20 4
23 3 28
8 13 19
17 20 31
0 1 47
23 23 51
21 0 23
6 10 54
13 17 35
23 3 7
8 10 3
5 8 45
13 13 70
8 12 60
9 12 46
1 5 51
12 17 42
4 7 56
10 13 58
6 10 30
17 19 42
9 13 59
15 19 47
9 12 61
14 18 65
8 11 50
10 12 5
18 22 45
5 7 48
6 11 69
2 5 61
16 18 40
19 22 47
20 21 63
19 21 51
0 5 68
16 20 2
10 13 16
14 16 53
0 3 27
6 9 67
7 10 65
1 4 53
19 20 6
5 8 53
16 19 16
1 4 18
16 19 45
23 4 31
12 15 15
3 9 46
10 11 15
11 14 32
4 6 13
14 16 23
23 3 12
23 1 53
17 19 2
0 4 44
9 11 19
11 14 37
13 15 42
2 5 47
16 19 10
1 4 57
5 6 64
21 0 67
8 9 14
4 7 13
7 12 62
6 10 48
11 14 14
3 4 18
5 9 44
14 17 11
17 19 61
22 1 19
5 8 32
7 11 51
5 7 16
12 14 49
22 1 41
11 14 51
18 22 47
4 7 17
11 14 46
11 14 5
4 8 20
19 21 7
20 22 51
0 3 20
23 3 31
16 18 39
9 13 54
1 5 46
4 6 12
4 7 59
5 8 67
15 18 22
9 14 64
10 14 56
5 7 43
13 16 18
9 10 66
11 13 39
18 21 29
9 13 12
21 3 10
0 4 65
9 13 47
19 22 13
16 19 59
4 7 4
4 7 2
16 17 15
7 8 56
17 22 29
6 10 26
2 5 59
11 14 41
8 14 38
20 22 25
2 5 68
6 8 32
2 5 20
1 4 60
18 20 49
23 2 51
19 22 3
20 23 49
19 22 15
5 7 44
18 20 70
19 23 34
7 9 24
15 17 57
10 15 22
6 8 25
1 3 2
6 9 65
1 3 5
22 0 46
8 12 26
19 22 6
10 12 18
23 2 52
4 9 45
13 16 33
15 17 38
13 15 4
21 1 60
19 21 23
17 21 53
22 1 58
11 15 12
5 7 9
16 19 40
12 14 51
8 14 60
11 16 4
16 21 55
9 12 1
7 11 29
12 15 32
21 0 24
8 11 25
9 13 9
20 23 24
12 16 18
15 17 43
1 4 9
22 1 8
20 23 30
11 14 45
15 18 7
7 11 21
5 9 22
23 2 64
1 6 70
5 10 24
5 9 29
17 19 30
14 20 37
22 2 19
15 18 35
4 7 11
15 20 48
6 9 56
1 4 3
18 21 17
15 18 52
9 13 36
23 3 27
21 0 38
19 21 64
6 10 55
16 19 56
18 22 25
0 2 31
22 0 36
0 3 49
17 21 18
14 17 62
21 0 26
6 9 50
22 1 41
20 0 31
15 17 34
4 7 49
8 9 22
23 1 40
9 12 38
20 21 54
1 5 38
12 14 39
8 11 31
9 11 49
18 21 57
20 1 51
19 22 41
1 4 56
5 8 9
11 16 29
11 13 50
21 23 55
16 20 65
15 19 52
11 14 30
17 18 13
2 5 13
0 4 54
22 0 28
20 22 67
23 2 51
13 16 47
3 7 5
7 9 5
3 6 70
20 0 12
3 5 20
9 12 32
0 2 48
23 1 4
22 1 61
1 4 34
10 13 39
20 22 69
3 4 10
3 7 46
1 2 6
14 17 64
1 4 60
21 22 49
17 20 20
10 12 19
18 22 57
2 4 60
0 3 25
8 10 69
9 11 56
13 16 47
20 23 38
10 13 19
15 17 3
15 18 57
8 12 32
9 14 32
5 7 59
8 9 56
16 20 39
10 12 37
20 23 66
17 21 52
14 15 25
15 18 11
19 23 60
2 5 53
3 7 2
16 20 2
19 0 68
22 1 21
2 5 29
4 8 32
1 3 66
15 20 33
14 17 2
13 15 29
4 8 55
3 4 52
1 4 25
15 17 5
23 1 16
20 0 6
9 11 24
14 17 45
11 13 25
14 15 30
0 3 1
7 11 6
10 13 53
17 17 35
23 1 18
18 22 50
19 21 63
10 16 36
23 1 69
0 2 3
22 1 41
10 13 67
20 23 42
9 13 50
1 4 23
9 12 33
0 3 45
11 13 23
17 23 39
15 19 9
3 7 3
5 9 32
0 3 47
13 17 65
11 15 13
12 14 45
19 22 24
5 7 29
3 6 13
15 18 28
7 12 22
13 18 21
11 12 46
16 19 48
11 13 33
21 23 29
14 18 36
13 17 17
3 5 46
22 23 60
16 19 7
17 18 18
11 15 19
15 19 11
18 21 52
10 13 55
2 4 7
16 18 33
18 22 9
18 21 41
18 20 56
3 5 48
6 9 9
3 6 3
9 12 11
13 16 44
9 13 51
21 22 56
11 14 35
13 16 47
13 16 66
0 3 61
7 8 60
13 15 28
9 12 67
15 18 41
19 21 70
17 20 31
4 6 53
13 17 19
5 8 54
17 20 22
16 21 46
1 4 17
5 9 65
2 5 35
16 20 9
7 10 51
4 7 70
5 6 1
6 10 26
13 16 17
14 16 62
2 5 14
23 1 47
20 23 58
23 3 58
9 12 23
4 6 30
3 6 50
14 17 8
13 17 67
0 2 40
20 23 58
3 7 35
1 3 45
13 16 61
19 22 52
19 23 35
15 19 31
1 4 21
2 6 2
12 15 58
19 23 23
23 1 61
2 7 19
6 8 44
20 0 10
6 9 15
20 22 62
12 14 46
6 8 24
1 4 64
1 4 10
19 21 57
10 14 19
13 15 70
11 13 6
9 12 10
10 13 40
12 15 52
0 3 33
0 1 4
21 1 40
10 11 17
8 11 40
7 9 17
2 4 54
0 4 21
2 4 70
1 4 53
22 1 15
8 10 60
2 6 31
9 12 50
20 23 69
0 4 53
1 5 59
16 18 43
11 15 37
6 9 10
7 10 66
15 17 70
12 14 57
8 11 66
2 4 15
1 4 33
15 18 25
21 0 26
17 19 29
15 19 55
12 16 47
19 21 26
6 8 64
0 2 64
9 13 47
4 6 54
1 2 38
5 8 15
22 1 41
8 9 65
21 1 36
12 16 39
2 5 57
21 0 27
14 16 55
18 20 51
0 2 44
5 8 29
4 7 2
11 13 42
23 3 11
19 23 60
5 8 40
5 7 8
3 5 40
6 10 6
8 10 21
8 12 31
5 7 63
23 2 61
18 21 62
0 4 40
21 1 10
3 8 26
19 23 15
9 12 41
3 7 53
7 8 7
6 7 28
17 20 15
21 0 24
4 7 4
0 3 1
2 6 19
19 22 68
4 5 4
15 18 59
13 15 12
1 3 36
2 6 41
9 12 70
19 23 30
10 13 21
6 8 42
2 5 35
12 15 11
18 21 1
18 22 14
0 4 28
18 20 38
8 11 62
8 11 32
16 18 62
23 4 60
19 22 32
0 3 16
12 15 37
15 18 15
21 0 41
4 7 68
22 2 46
19 1 38
4 7 55
18 20 24
19 22 18
14 16 63
1 2 5
11 16 35
4 6 56
22 1 2
11 14 8
7 10 17
10 15 47
14 17 5
4 7 14
23 3 16
5 10 18
14 16 4
2 6 36
2 5 69
8 12 57
4 8 32
8 13 41
1 2 70
18 21 3
11 14 67
22 1 35
15 18 41
7 10 8
12 15 17
17 20 21
2 6 56
15 19 59
5 8 63
4 5 67
20 1 44
3 6 69
21 1 31
2 6 29
5 10 42
16 21 4
7 9 42
2 5 14
13 16 6
11 14 13
13 16 49
20 23 6
6 6 68
4 6 49
21 0 59
12 15 17
4 8 66
21 23 32
16 20 36
22 1 51
4 7 46
3 6 10
11 14 31
10 13 40
9 11 54
7 10 36
11 12 51
5 9 37
7 11 29
1 5 8
19 21 61
18 22 8
15 19 48
7 10 5
15 18 27
22 1 23
7 11 29
17 20 21
13 17 15
7 10 32
9 9 14
15 18 25
18 21 16
5 8 2
12 14 21
2 7 24
15 20 14
0 4 13
22 23 70
0 5 63
21 23 54
23 3 22
14 16 57
8 13 4
14 16 23
23 3 10
4 7 34
9 12 4
1 4 64
11 14 68
0 5 38
4 6 63
2 4 16
21 1 53
3 8 41
18 20 55
7 9 45
15 17 13
16 18 34
8 13 1
9 14 46
20 0 51
4 7 67
5 8 2
8 12 42
7 10 38
17 17 66
5 8 70
19 22 50
18 23 12
5 8 68
0 3 9
12 14 50
16 20 49
22 0 62
4 6 18
22 3 53
23 2 6
8 12 18
9 12 61
11 14 52
21 23 64
14 18 70
17 21 20
5 9 18
11 13 4
11 14 67
1 4 49
2 3 56
22 2 24
6 11 13
11 15 26
2 5 38
13 15 67
2 3 8
10 13 36
12 14 2
18 21 9
3 6 68
15 20 3
16 18 33
20 23 40
9 13 15
14 17 8
15 19 18
12 14 48
5 7 6
9 10 64
6 8 39
9 12 19
10 13 9
3 6 20
7 11 54
2 6 34
15 17 56
2 4 24
19 23 26
22 23 70
12 15 53
19 21 21
13 16 26
13 16 2
8 10 8
2 6 43
19 21 55
21 1 13
16 18 44
9 12 58
8 11 15
5 8 39
4 8 4
4 6 48
2 6 38
10 13 16
17 20 23
15 19 6
3 7 51
9 11 3
4 7 33
0 3 69
13 16 41
11 14 18
4 6 34
22 0 32
11 17 58
10 13 45
21 22 70
2 5 51
1 3 54
6 8 55
4 7 1
13 16 39
16 19 48
22 3 38
0 3 10
2 5 17
12 15 21
7 9 5
23 2 20
6 9 42
13 13 32
14 18 48
2 5 51
22 1 10
7 9 42
10 14 19
19 23 4
12 15 22
15 17 69
1 3 37
17 21 39
10 13 56
21 1 10
2 5 66
6 10 36
4 7 34
17 22 40
22 3 14
9 10 8
4 7 25
1 5 9
17 21 19
20 22 65
16 18 48
18 21 15
10 13 35
21 0 12
17 21 13
13 16 69
21 1 5
3 6 68
2 5 45
9 12 23
5 7 26
7 10 44
11 13 38
5 8 43
2 4 17
11 16 66
11 13 42
20 22 9
8 12 69
13 17 64
4 6 36
0 6 10
4 7 54
8 11 42
1 4 10
8 12 26
0 4 57
11 15 26
5 7 40
17 22 11
19 21 1
15 17 7
9 12 20
21 0 47
19 23 17
3 7 3
16 19 43
23 1 50
13 15 33
21 0 18
15 18 68
11 14 2
13 18 23
11 14 3
10 12 59
3 7 29
10 14 1
16 20 28
4 6 17
21 0 62
7 10 61
1 5 51
16 20 62
9 13 23
7 10 46
1 2 8
8 11 9
1 3 9
14 16 69
0 3 61
11 12 51
8 13 40
0 4 22
11 16 1
21 1 50
10 13 14
1 5 36
1 4 38
16 17 28
8 12 65
23 2 36
19 0 69
18 21 14
7 11 16
11 12 51
21 0 3
18 21 19
21 22 40
11 15 60
22 23 66
14 14 61
3 4 48
17 19 30
2 5 58
13 15 64
14 16 7
10 14 44
20 1 38
13 16 36
17 20 7
23 2 25
16 19 14
21 1 65
18 21 36
18 21 18
21 23 55
10 13 27
20 0 38
19 23 27
7 13 20
10 14 46
12 15 1
12 16 36
18 22 70
11 15 34
13 15 33
22 1 52
11 14 2
11 14 10
17 19 52
10 15 52
18 21 16
23 1 37
8 13 60
10 12 4
23 1 41
8 12 13
14 17 22
23 2 58
23 3 70
8 10 10
17 21 25
4 6 58
9 12 38
23 4 25
11 14 25
1 5 43
11 15 12
17 19 67
15 16 52
20 0 61
1 4 38
10 12 17
23 2 26
2 5 11
5 7 52
1 3 52
18 21 16
22 1 16
23 1 38
14 14 8
7 10 54
12 17 9
7 11 34
23 2 5
0 4 62
19 23 48
20 21 11
17 18 62
14 19 50
6 9 49
3 5 24
12 15 40
22 0 46
21 1 22
5 10 19
5 7 70
0 3 22
21 1 70
16 18 11
12 14 25
15 19 41
9 12 4
4 8 27
7 11 19
16 17 13
20 23 7
18 22 4
6 9 67
0 4 9
5 8 69
12 16 23
18 21 60
15 18 40
11 14 66
17 21 36
16 21 40
16 19 10
15 19 17
12 16 70
7 10 55
21 0 21
6 10 12
18 23 1
16 19 21
9 13 54
8 11 46
18 21 34
14 18 38
1 5 18
14 17 68
18 22 57
15 17 21
13 15 43
20 21 54
11 12 35
16 19 54
5 9 21
9 13 21
5 10 62
22 1 31
5 8 35
19 22 70
5 9 29
12 15 9
1 5 44
17 21 7
13 15 42
10 12 48
19 21 19
14 18 59
22 23 70
17 22 1
20 23 6
3 4 10
0 2 14
2 6 12
1 4 5
8 12 49
6 9 42
0 2 32
4 7 56
21 1 17
3 7 21
11 14 14
10 14 32
16 18 47
6 8 8
1 5 38
12 17 6
0 3 70
8 11 4
2 5 22
14 18 46
8 10 53
23 2 57
17 22 49
6 11 32
14 16 54
14 17 51
15 20 8
18 22 60
1 4 38
0 2 61
21 1 42
16 19 13
14 17 68
20 22 46
18 19 38
1 3 70
11 14 39
2 3 49
22 2 17
3 6 44
13 16 22
6 10 9
18 23 7
4 7 65
8 10 54
7 12 10
22 2 14
4 5 58
21 2 56
17 18 5
20 23 18
6 9 8
21 0 52
11 16 45
18 20 47
21 1 19
11 16 50
14 18 66
15 18 47
4 7 37
7 9 13
22 1 12
7 10 57
2 4 56
10 14 23
16 20 27
6 8 27
11 15 36
11 15 53
19 21 27
22 2 24
15 19 21
23 2 28
7 10 25
16 19 63
8 11 12
5 8 3
16 19 52
9 11 35
14 17 12
10 14 17
14 16 58
21 0 11
5 8 42
15 18 6
1 5 54
17 19 60
22 2 63
15 16 27
15 17 43
16 19 44
19 22 30
15 17 50
0 4 30
23 1 2
4 6 17
16 20 49
5 9 47
11 15 58
2 5 32
5 7 67
21 1 21
1 5 33
8 11 62
4 5 67
16 19 3
6 8 54
6 8 68
13 17 45
9 11 37
12 13 55
2 4 52
10 14 70
1 4 15
12 16 20
1 3 2
12 14 36
12 15 44
18 20 33
14 16 44
4 8 47
20 23 65
22 2 19
6 9 4
23 4 30
14 15 43
17 21 24
8 11 39
1 4 29
6 9 11
7 11 66
16 18 56
1 5 42
5 9 24
8 10 31
20 22 55
20 0 17
7 10 2
23 1 31
12 16 13
12 16 39
14 16 7
18 21 48
10 14 46
5 8 35
10 13 43
3 7 59
4 7 6
12 13 32
18 21 51
18 0 5
1 4 61
1 3 51
11 14 36
20 23 6
22 2 22
21 2 52
0 5 11
20 1 52
20 22 6
13 17 58
21 1 28
18 19 15
21 23 3
5 7 39
9 13 50
7 9 52
15 18 17
17 20 34
4 7 24
1 6 24
12 15 14
22 1 4
23 2 48
18 23 1
13 15 39
23 2 17
20 1 18
16 19 58
5 8 61
12 14 22
23 3 11
3 6 70
2 4 3
9 12 48
21 23 45
6 9 70
10 13 17
17 20 13
17 19 69
13 17 51
9 12 57
0 4 27
11 16 31
10 13 64
1 4 51
0 5 62
17 20 60
23 3 54
0 4 37
1 4 6
4 8 38
15 17 59
13 14 14
3 6 45
15 20 8
16 17 15
7 11 47
15 18 5
18 20 70
22 1 54
17 21 33
2 5 50
5 8 31
0 3 28
2 6 2
7 8 37
9 11 20
2 6 4
1 3 23
17 21 50
8 11 69
1 3 56
2 5 52
12 15 60
23 2 2
1 3 8
18 20 53
7 11 5
6 10 44
17 18 13
6 8 43
13 15 15
21 23 27
23 3 62
19 21 69
18 20 7
13 16 12
19 20 26
5 8 42
8 12 12
23 3 53
1 4 30
16 20 57
23 1 37
15 17 18
16 20 24
19 23 50
17 21 45
19 22 70
5 9 4
15 17 28
20 23 43
19 23 6
4 7 24
1 4 8
20 1 45
1 3 29
12 15 16
20 23 15
13 14 29
16 20 53
2 4 27
19 22 44
14 18 64
13 16 64
12 16 10
20 22 14
23 4 55
22 0 42
23 2 61
4 8 26
14 16 3
2 5 42
21 1 54
12 15 1
2 2 48
2 5 21
17 19 17
19 21 16
21 23 19
22 1 41
10 11 26
10 14 51
1 4 58
18 21 12
23 2 68
16 18 29
2 3 2
2 5 47
14 17 1
0 2 51
9 11 70
5 9 58
6 8 63
11 15 47
23 3 61
20 23 54
11 14 32
2 5 60
3 5 12
16 19 62
15 18 42
7 9 33
15 18 1
10 13 70
2 5 24
23 2 34
11 14 37
16 20 5
22 1 19
5 9 29
8 11 8
5 6 13
22 2 2
7 10 42
6 9 66
20 22 63
15 18 16
23 2 63
22 1 11
5 7 14
5 8 35
11 15 50
17 20 63
12 14 32
9 12 29
10 13 62
16 19 59
23 2 42
11 13 67
13 16 49
7 11 42
18 20 55
20 0 60
9 13 10
1 3 42
12 14 21
18 21 35
9 11 68
20 0 19
3 7 56
2 7 21
7 11 61
10 13 3
10 13 48
6 9 33
6 8 53
1 5 55
12 14 50
19 22 13
22 2 65
22 0 17
22 0 54
4 6 67
18 21 16
5 10 44
17 19 33
14 17 62
5 9 68
2 4 39
9 13 49
17 20 10
4 7 65
15 20 29
6 8 20
21 0 13
2 6 69
10 13 62
2 5 29
17 21 17
9 10 21
16 17 16
0 5 67
15 16 54
5 8 37
15 18 45
17 20 68
15 18 23
16 20 28
0 2 31
9 11 62
14 17 18
21 1 54
11 14 17
13 16 40
12 14 24
22 0 31
5 5 6
13 17 48
9 12 63
6 9 55
14 18 63
15 17 34
3 6 22
9 13 40
9 11 58
15 17 46
23 3 37
3 4 15
4 8 44
10 13 28
19 21 1
12 16 6
3 6 31
20 23 22
0 2 45
13 16 47
22 1 58
19 21 52
12 14 57
2 4 52
21 0 67
2 5 17
22 22 31
4 6 9
2 7 47
18 21 51
5 8 53
17 20 54
14 17 51
19 22 36
8 12 69
4 8 70
11 14 1
11 14 38
18 20 27
7 10 46
18 21 55
15 19 27
17 20 61
14 16 3
5 7 27
14 17 40
18 21 70
13 17 5
23 2 6
3 7 48
5 8 16
22 1 15
21 2 13
8 11 23
4 7 33
7 10 22
16 19 31
13 15 63
4 8 26
10 12 19
6 10 17
15 17 35
1 5 28
2 4 32
14 17 31
3 6 11
17 19 33
9 11 29
12 16 63
11 15 64
9 14 10
4 6 7
18 21 40
5 9 15
9 14 62
1 5 13
2 5 28
9 11 51
9 12 11
3 6 56
3 5 70
16 19 17
6 10 25
3 5 61
5 6 49
7 10 48
17 19 32
11 14 54
14 17 10
20 23 11
11 13 55
2 6 15
8 12 27
14 17 15
14 19 60
4 7 42
14 16 57
14 15 59
23 2 14
11 14 24
15 17 39
19 21 35
20 23 24
0 2 21
11 13 52
23 1 64
18 20 48
4 6 50
21 1 14
9 11 4
5 8 8
5 9 49
20 22 2
9 11 66
16 20 59
0 1 29
18 22 67
16 19 4
8 11 19
14 16 21
15 18 23
22 2 2
11 14 53
22 1 44
6 10 33
23 3 34
19 23 51
17 21 13
9 12 58
16 18 54
17 21 24
1 5 47
19 21 23
18 21 4
11 14 68
2 5 23
18 20 35
17 20 62
19 20 65
1 3 34
19 21 18
18 20 21
16 18 16
16 20 9
0 4 62
8 9 65
7 9 69
22 1 37
4 9 7
5 7 6
15 18 60
12 13 30
23 2 42
11 14 16
1 5 24
15 18 27
9 13 44
17 20 70
17 19 28
9 11 65
14 17 61
20 23 52
1 5 2
12 15 67
11 14 30
4 7 23
1 2 30
14 17 63
6 9 40
12 15 14
19 22 12
16 20 51
2 5 52
22 1 12
17 20 37
13 17 64
14 17 35
18 21 63
7 10 5
22 1 62
19 21 35
18 21 3
0 4 54
3 7 35
13 15 60
22 23 67
15 18 38
22 0 15
3 8 37
16 19 30
12 15 8
9 13 70
18 22 67
15 17 23
19 22 65
14 16 45
4 8 58
11 16 44
1 5 31
12 15 56
12 15 6
2 4 32
1 3 14
23 2 54
18 20 56
12 15 46
17 20 22
2 6 61
16 20 24
23 0 16
9 12 28
10 13 10
7 10 3
19 21 27
21 0 56
14 15 19
14 17 18
5 6 56
2 6 58
22 1 61
11 15 18
16 20 2
4 7 36
21 0 21
19 22 54
22 3 39
10 12 64
21 0 37
3 5 52
16 19 32
19 22 69
22 0 63
8 10 64
20 23 68
13 17 36
11 15 15
19 22 26
7 11 11
12 17 10
4 8 32
2 4 12
23 2 54
8 11 47
18 22 31
17 20 69
15 18 13
22 1 61
9 12 9
12 14 64
6 9 69
19 23 3
15 21 29
5 8 47
17 19 68
22 0 59
20 22 6
19 23 38
15 18 38
19 22 16
18 20 23
22 0 49
13 16 35
11 16 54
14 17 67
10 14 45
2 4 69
21 23 69
7 10 40
14 17 24
0 4 12
12 13 17
9 13 26
2 4 14
5 9 53
23 2 54
23 0 34
23 3 65
20 23 45
21 1 60
1 3 54
11 14 43
0 5 34
21 2 35
1 4 28
19 21 36
12 14 25
0 0 4
10 13 52
0 3 38
5 8 29
21 23 6
3 6 7
12 14 66
13 17 36
10 12 6
3 6 68
2 4 38
17 21 58
12 15 24
23 2 14
18 22 66
20 22 47
23 2 22
12 16 9
5 7 41
10 15 68
7 10 10
14 19 59
20 22 38
22 1 24
20 22 39
18 23 14
15 18 17
22 2 48
17 19 52
20 23 23
3 6 66
0 4 28
21 0 54
20 23 45
13 15 49
19 21 5
17 19 29
23 2 55
14 17 20
13 15 8
22 3 23
16 19 3
1 4 3
14 16 20
15 20 53
19 23 38
20 23 58
15 18 41
1 5 65
14 16 63
15 18 4
21 0 28
3 6 45
8 11 1
16 17 63
2 4 56
15 18 63
12 14 67
7 9 17
13 16 25
12 14 44
3 6 50
14 18 61
8 9 16
23 1 20
6 8 58
1 2 5
9 13 43
16 21 12
23 2 29
0 2 35
1 3 63
16 19 6
7 11 39
5 7 21
21 0 4
5 6 49
22 1 15
20 21 9
3 5 70
19 23 69
10 12 43
18 21 8
13 16 31
17 20 22
20 22 44
16 20 25
4 8 36
16 19 23
20 23 32
12 15 52
5 9 67
15 17 61
23 1 37
7 11 28
4 6 2
15 18 16
12 16 42
21 1 11
10 12 28
23 1 13
21 1 14
6 11 67
6 10 67
19 23 14
0 4 43
13 16 49
7 9 24
4 7 48
3 7 27
4 9 34
7 9 67
22 2 27
6 8 61
17 19 22
13 19 8
22 0 26
13 16 8
15 17 21
23 0 50
20 0 7
11 14 52
14 16 37
2 6 7
21 0 2
13 16 13
22 0 61
14 18 46
2 5 30
20 1 27
11 15 1
21 0 4
9 11 36
22 0 18
10 12 70
18 21 27
5 9 17
9 12 52
14 19 69
6 9 68
18 22 38
0 3 24
1 4 11
10 14 51
13 16 58
12 14 18
1 3 25
4 5 41
8 9 45
20 23 17
0 2 57
23 0 14
2 2 35
15 18 52
15 17 30
16 19 15
11 14 34
3 7 3
12 15 19
3 6 12
22 0 46
23 1 13
4 6 27
21 23 16
9 13 37
18 20 1
12 16 41
1 4 24
13 15 39
1 3 40
22 3 8
15 19 50
20 23 23
10 13 3
12 16 5
2 4 70
18 23 43
12 14 17
8 11 46
22 2 17
18 21 35
22 2 19
22 2 62
6 9 32
14 14 3
19 22 59
3 4 68
21 1 14
8 9 51
15 18 56
2 6 36
5 10 68
13 16 29
8 12 17
8 12 62
21 0 44
23 2 21
10 12 17
1 4 37
22 0 17
4 7 45
22 0 24
15 16 8
22 1 19
21 0 56
2 5 53
7 12 28
16 19 37
4 6 66
23 3 27
11 14 21
14 17 14
12 15 55
1 2 58
6 9 18
13 16 31
11 14 33
10 12 56
23 3 32
19 23 61
16 20 58
23 3 32
21 1 52
7 8 61
6 8 31
17 21 67
15 18 17
14 17 20
16 20 59
12 16 44
8 11 45
22 1 62
16 17 13
13 14 11
4 6 50
13 16 70
10 14 38
16 19 37
18 22 56
20 22 31
9 11 29
9 12 60
4 7 50
20 0 32
11 14 38
5 8 8
4 9 43
22 2 9
14 16 56
7 10 53
10 13 59
2 4 20
15 19 61
4 8 5
19 23 6
12 14 43
0 3 49
7 11 6
7 10 62
13 16 43
5 8 26
15 19 21
22 0 51
21 1 20
7 11 24
20 22 28
15 17 27
3 7 8
12 15 65
7 10 46
18 21 44
0 3 59
19 22 67
20 21 38
3 6 17
19 20 32
20 22 59
20 22 8
2 4 51
19 22 43
0 4 38
8 10 10
14 17 44
2 5 56
23 3 62
16 17 51
13 18 15
23 1 16
13 16 1
17 19 14
0 4 27
14 16 27
0 4 33
18 20 23
12 15 53
23 1 51
11 13 42
6 9 61
1 4 30
2 5 60
10 13 34
11 14 58
14 18 32
13 17 19
18 22 43
9 12 45
1 4 3
9 13 58
0 2 70
5 8 66
21 1 51
17 21 54
11 14 62
7 10 18
19 21 44
17 18 16
7 10 9
14 17 9
1 4 7
11 14 5
5 8 45
20 23 69
7 10 33
15 17 57
15 17 18
5 7 24
14 16 38
14 18 59
16 19 61
23 2 52
23 2 52
5 8 47
12 15 18
18 22 69
18 20 63
6 10 52
16 19 16
1 4 23
20 0 6
11 14 66
3 7 54
10 12 37
20 23 69
2 5 15
2 5 48
4 7 27
12 15 17
3 5 3
16 18 63
3 6 11
1 3 60
15 20 29
23 1 17
3 6 10
15 17 4
4 8 63
1 4 18
12 16 4
11 15 49
10 14 46
14 15 30
19 20 41
22 2 16
12 14 8
3 7 41
19 22 20
7 9 33
18 22 16
10 13 45
22 2 50
6 8 63
10 13 41
21 1 39
1 2 31
12 15 29
20 0 67
18 21 9
12 15 10
16 20 27
15 16 47
9 10 9
23 3 36
15 20 58
5 8 35
17 21 58
16 19 53
0 4 60
20 23 67
3 5 61
18 21 26
15 19 40
0 3 52
5 7 21
23 2 51
12 14 46
12 15 56
7 9 59
1 4 39
15 20 5
20 23 29
6 9 70
23 1 34
12 16 67
10 13 18
12 14 41
19 22 19
1 5 69
19 21 64
10 14 20
8 10 31
4 7 1
6 10 9
19 22 30
0 5 44
19 22 33
4 8 16
14 17 14
9 10 20
9 11 47
6 10 38
18 21 64
19 21 56
18 22 31
10 13 49
21 0 36
2 3 36
16 18 23
6 9 27
3 6 31
19 20 21
7 9 27
0 3 10
1 4 1
17 20 54
12 16 69
13 15 11
11 14 31
10 13 30
17 20 10
9 13 3
14 18 68
1 3 6
0 2 65
11 13 64
15 21 6
17 20 31
3 6 31
22 2 48
16 20 9
6 9 25
6 9 55
21 23 42
7 12 48
0 4 55
1 6 2
6 9 17
21 22 47
23 2 32
21 23 54
23 2 36
23 1 15
13 16 10
19 21 52
7 9 68
13 16 42
9 12 50
13 16 7
4 8 10
4 7 55
19 21 53
5 9 36
3 4 45
0 3 39
5 9 69
10 12 69
20 23 65
10 14 45
8 13 57
15 18 23
18 19 34
16 19 59
22 1 47
9 11 29
7 10 42
18 21 40
21 23 29
11 14 5
19 22 52
21 0 34
5 8 64
1 3 32
1 4 41
6 9 53
16 21 9
18 20 12
8 11 39
22 2 37
17 21 35
7 10 17
2 5 42
5 7 31
10 13 50
10 13 3
2 4 29
5 8 68
6 10 12
3 8 10
14 16 63
10 12 68
8 10 67
22 1 41
16 20 38
16 19 5
11 14 52
15 17 57
6 10 15
18 21 47
5 8 50
11 13 60
14 19 67
23 2 51
5 9 13
11 13 20
11 15 52
13 16 17
0 3 2
14 18 36
3 6 60
21 0 32
19 22 46
13 16 61
0 3 3
23 1 21
4 6 3
17 20 13
3 6 11
18 21 42
6 9 13
7 10 37
5 9 33
6 10 2
11 15 37
15 20 14
4 8 44
2 5 23
23 1 36
8 10 22
17 19 1
2 4 39
20 23 50
10 14 38
22 0 4
16 19 61
11 14 27
9 9 63
5 9 39
4 7 3
9 12 27
4 8 44
8 11 1
11 15 28
20 22 33
23 0 37
21 1 49
3 6 13
5 8 69
16 19 38
23 2 48
2 7 52
12 14 63
15 18 34
4 8 45
0 4 68
9 12 14
0 3 18
17 22 33
6 10 39
4 10 23
8 10 15
21 0 8
2 5 7
9 11 21
6 9 60
15 19 46
14 17 46
20 22 7
15 18 67
17 20 16
8 11 58
21 23 25
16 20 18
20 1 57
9 14 46
22 0 67
10 16 29
23 3 65
4 6 27
20 23 28
1 5 42
1 5 22
3 6 23
6 8 70
21 1 13
9 11 49
12 15 64
22 1 3
18 20 16
7 11 32
2 6 70
15 18 45
10 12 50
22 0 69
17 20 56
21 1 39
0 2 68
6 9 65
1 2 5
15 19 32
6 9 15
13 17 34
13 16 2
16 19 23
4 7 51
3 6 22
0 3 30
13 16 35
14 14 19
6 8 10
2 6 68
14 19 29
7 13 19
20 22 15
9 11 6
5 7 40
12 15 49
16 19 41
12 16 66
0 5 53
17 20 63
7 9 43
19 22 25
23 4 6
18 22 12
22 2 65
12 16 32
11 13 25
13 15 14
0 4 39
5 8 38
8 10 60
14 17 48
6 10 44
19 22 70
7 12 59
19 21 4
11 13 22
22 1 56
23 1 19
17 20 2
23 2 7
1 5 57
13 18 14
7 9 34
20 23 28
12 14 62
0 3 41
2 3 59
4 6 1
2 5 33
2 5 25
17 19 61
8 13 64
1 5 32
20 22 1
11 13 30
11 15 10
14 18 67
8 11 13
5 8 69
9 12 28
3 8 64
13 15 53
4 7 67
11 13 22
11 14 15
6 10 19
2 6 42
16 17 35
5 7 27
4 8 19
1 6 58
11 15 6
8 11 14
2 5 58
20 22 32
13 16 9
20 23 63
4 6 59
19 23 52
10 14 33
14 17 8
8 12 41
11 16 63
4 7 11
8 12 57
5 10 7
4 7 38
11 13 25
10 14 13
9 14 22
15 20 12
23 3 58
14 17 11
0 3 24
22 1 15
20 22 3
9 12 35
13 16 18
7 12 31
3 4 11
13 16 12
12 16 67
0 4 27
4 8 65
6 8 37
1 4 60
11 14 13
20 22 34
22 1 49
6 9 52
1 3 39
5 9 41
5 8 23
20 1 52
3 6 56
4 6 37
12 16 25
22 2 56
13 15 18
20 23 47
3 5 48
7 10 4
5 7 58
23 1 54
15 17 18
3 7 17
22 2 3
14 18 4
7 9 14
11 15 32
22 2 70
20 21 17
1 5 17
5 8 70
9 11 30
1 3 26
7 11 54
20 0 4
22 2 8
9 13 23
23 4 44
23 2 25
14 16 68
1 4 48
3 5 15
13 14 69
10 10 31
2 7 23
0 3 56
3 7 66
3 5 61
7 10 19
18 22 58
13 17 28
2 5 27
3 4 40
10 12 32
21 22 1
14 16 26
22 2 12
9 13 34
13 15 3
12 14 55
5 10 15
23 2 36
16 21 27
1 3 59
11 12 70
8 11 30
22 3 40
12 16 56
16 20 4
15 18 16
19 22 6
3 7 27
21 0 8
2 7 38
21 0 57
20 0 22
14 15 12
3 5 25
7 11 41
17 19 37
16 20 5
22 0 47
7 9 29
6 9 68
23 1 68
0 3 29
12 15 44
19 21 58
12 16 48
1 4 67
15 19 45
7 11 32
0 2 49
12 15 9
9 13 38
1 7 63
15 17 10
12 13 1
3 7 53
1 4 65
5 8 46
14 16 48
23 3 35
13 15 52
13 15 19
0 4 61
1 4 23
4 7 4
21 3 13
14 16 10
10 11 22
23 3 70
3 6 19
9 12 61
19 21 43
11 13 52
8 12 70
10 13 30
6 9 28
23 3 31
23 3 26
18 21 31
16 19 6
1 4 34
2 5 31
23 2 35
17 22 23
5 9 54
15 18 54
3 5 50
14 17 41
14 18 37
19 22 65
7 11 36
15 19 50
5 8 1
3 5 24
18 21 43
12 14 43
10 12 5
16 18 42
1 4 5
11 12 69
11 14 61
20 23 9
8 12 22
18 21 6
3 7 7
16 20 8
20 23 10
15 19 59
11 15 26
5 11 26
20 23 43
19 23 28
13 17 32
7 11 69
8 11 5
5 9 69
23 2 1
1 2 70
12 15 1
11 14 53
8 11 66
0 4 16
0 2 31
1 4 28
10 13 36
11 14 29
4 8 21
9 11 38
3 8 48
3 8 31
11 14 49
17 19 44
5 7 5
3 6 31
9 12 12
9 11 66
7 10 36
11 11 43
17 18 45
1 2 54
11 15 17
22 4 32
10 11 68
21 1 25
17 21 70
17 19 36
19 21 2
3 7 51
13 16 25
1 4 59
8 12 46
6 8 57
4 8 6
9 11 55
14 17 36
13 18 42
1 3 64
3 7 7
3 5 12
18 21 2
14 17 25
14 17 43
9 13 25
4 6 64
7 11 11
0 3 48
7 10 54
18 20 40
14 17 9
22 0 3
1 4 40
15 20 32
8 11 6
4 7 68
1 3 65
13 15 26
15 19 47
19 23 41
14 16 46
4 7 66
12 14 7
17 20 58
14 17 34
19 22 47
7 8 59
8 10 57
22 2 5
22 0 4
5 7 15
7 11 15
11 13 68
13 16 43
5 7 39
22 23 7
9 13 8
17 20 66
9 12 56
9 11 59
1 2 53
22 1 18
8 12 40
4 9 35
9 12 27
8 12 57
17 22 21
22 1 67
9 10 10
23 2 48
11 13 55
18 20 36
21 0 18
12 17 17
0 3 19
15 18 21
7 11 3
22 0 39
15 18 24
10 13 24
9 12 19
23 2 15
20 23 57
14 18 41
15 17 14
5 8 55
11 15 63
17 20 55
9 14 23
9 13 50
6 8 62
11 13 29
4 7 40
15 19 58
12 15 64
4 7 54
13 16 8
1 6 17
23 3 56
6 10 51
7 8 11
17 19 47
8 11 40
14 17 70
22 1 59
21 21 43
18 22 69
19 21 52
16 19 44
22 1 60
11 15 30
23 2 48
22 4 63
12 14 29
18 20 53
7 10 29
4 5 66
10 13 8
10 11 44
22 2 10
15 17 27
5 8 6
2 7 52
10 13 33
23 1 38
13 15 46
14 18 2
4 7 34
22 1 24
19 22 48
13 17 38
11 15 36
7 10 4
23 1 56
4 7 27
2 3 21
15 16 7
7 12 5
22 1 63
4 7 63
2 6 2
15 17 44
11 13 37
18 20 42
23 1 41
11 13 12
19 23 16
4 8 49
15 17 39
14 16 49
15 19 62
1 4 68
13 16 21
0 3 11
11 12 70
4 6 43
1 4 5
14 17 34
7 11 70
22 3 56
8 12 39
1 3 7
23 2 14
2 6 7
21 2 5
12 17 20
6 9 37
1 3 63
17 20 3
22 2 59
14 17 35
21 0 36
2 7 46
5 9 9
0 3 42
4 8 62
15 17 65
13 16 8
20 1 15
1 5 62
0 3 7
6 9 64
10 14 3
15 17 31
18 20 14
6 9 65
3 5 48
12 14 40
8 10 27
4 8 4
6 10 12
7 10 36
12 15 29
19 22 25
19 23 24
9 13 66
0 3 30
1 4 28
4 8 11
22 2 66
20 0 63
0 2 15
13 15 61
10 14 36
9 12 61
0 3 57
8 10 45
7 10 58
9 12 39
6 9 16
10 12 26
20 0 58
21 23 27
10 13 64
10 13 24
16 19 8
0 4 19
13 13 39
23 2 7
6 9 14
13 16 26
4 7 29
15 17 10
10 11 35
1 3 44
2 3 9
0 3 12
18 21 65
13 17 13
0 3 64
4 7 63
18 19 8
20 23 17
15 19 26
13 17 19
7 11 34
14 17 18
10 14 56
21 23 18
4 7 29
1 5 27
12 14 30
1 4 52
8 11 16
2 4 48
17 22 9
4 7 51
14 18 35
21 1 14
6 7 65
15 19 26
8 12 24
3 6 36
2 6 12
6 10 41
4 8 12
3 7 39
2 6 66
17 19 23
13 17 55
20 0 52
3 6 22
18 20 46
9 13 4
14 16 11
19 21 68
15 18 3
0 4 59
16 19 13
18 20 56
11 14 65
20 22 61
2 4 50
22 23 6
23 3 65
6 10 58
5 8 41
13 15 45
22 23 48
14 16 63
16 19 23
1 5 6
14 17 1
20 23 33
2 6 58
5 8 54
19 23 63
2 6 55
3 7 64
19 22 18
2 4 31
0 2 33
5 8 51
12 15 9
1 7 23
19 23 53
2 5 14
5 8 47
1 4 65
21 23 24
16 20 49
4 7 32
1 5 30
20 1 39
19 23 55
9 14 6
19 21 37
5 7 41
10 13 58
19 23 9
13 16 46
23 4 11
15 19 32
14 16 3
19 22 45
13 15 13
11 15 4
23 3 46
19 22 6
5 9 25
17 19 26
11 15 3
13 15 31
12 13 19
9 12 57
2 6 50
9 11 27
7 11 69
21 23 63
22 2 67
1 3 28
3 7 28
6 8 43
2 4 55
12 15 43
18 0 2
9 11 70
12 16 17
0 3 52
4 6 68
14 16 60
21 0 63
14 17 18
1 4 19
12 15 40
8 11 54
19 23 14
15 17 28
22 0 47
10 16 6
22 0 25
2 6 69
19 22 10
5 10 11
9 11 15
3 6 56
9 12 10
22 0 52
8 12 28
9 12 46
3 5 8
19 21 16
0 2 24
5 9 25
15 19 56
9 14 5
16 19 27
2 5 26
8 13 24
2 5 29
1 5 3
17 22 69
16 18 6
6 10 39
23 2 64
6 9 16
22 2 14
20 22 56
10 13 36
6 8 16
2 5 36
21 1 1
21 1 39
13 17 52
20 23 49
21 0 40
14 16 31
6 9 57
7 9 40
11 14 24
2 6 27
7 11 36
5 7 32
6 10 56
6 9 5
7 10 23
13 17 51
0 4 54
7 11 42
9 14 49
4 7 56
7 8 16
14 17 6
23 2 59
23 2 33
22 0 43
23 2 4
11 14 43
1 5 18
4 9 44
16 19 32
9 13 47
9 11 3
22 1 49
11 14 36
15 18 3
9 11 5
8 11 3
22 1 47
9 13 53
13 16 50
17 22 47
7 10 54
1 3 34
18 19 25
16 19 16
10 12 20
11 15 60
13 17 3
4 8 31
11 14 46
0 3 48
23 3 20
8 12 15
16 19 45
20 0 7
23 3 5
16 19 18
20 0 25
12 16 8
12 16 12
22 1 67
23 2 53
5 7 64
14 17 10
18 22 26
20 22 61
0 2 25
21 0 30
22 0 24
21 0 55
4 7 69
6 10 50
5 8 27
13 15 43
6 8 47
1 4 33
2 4 37
23 2 42
13 15 1
15 19 2
13 17 67
11 15 30
2 6 18
5 7 33
3 7 33
10 12 46
18 22 52
15 19 49
2 6 5
2 4 60
0 3 66
8 11 65
0 4 37
9 13 9
21 1 40
9 13 19
19 22 68
20 23 18
11 13 59
16 19 54
11 14 7
6 10 52
2 5 35
20 22 51
3 6 24
5 8 52
2 7 4
17 18 41
15 20 21
10 12 4
2 5 44
5 6 39
16 19 32
17 19 27
0 1 21
8 11 18
12 17 23
7 10 56
9 13 56
20 23 60
12 15 3
22 1 55
6 8 28
13 17 68
9 12 65
23 2 25
12 14 5
7 9 46
1 5 45
12 14 30
17 20 52
6 9 8
0 3 26
7 9 52
6 10 18
10 13 47
20 22 49
22 2 31
13 15 41
3 5 19
3 4 15
17 20 23
8 11 66
3 7 62
10 14 69
23 2 62
23 1 65
22 2 22
0 3 68
19 21 58
3 5 64
10 13 26
6 12 14
15 18 40
6 7 59
18 22 49
7 8 12
3 5 53
13 17 25
0 1 58
13 16 61
10 14 59
1 4 26
23 2 39
3 7 67
5 9 52
10 12 67
18 21 42
14 17 21
12 14 54
1 4 45
17 21 54
11 13 7
11 13 33
13 15 58
20 1 45
4 6 43
13 15 53
5 9 31
11 15 35
21 22 56
14 16 58
11 16 44
14 16 19
3 4 68
7 9 32
17 20 22
12 13 60
11 13 34
6 10 8
4 7 60
22 0 67
2 6 69
19 21 41
16 20 62
0 3 52
17 20 64
0 2 31
23 4 40
10 13 10
22 1 7
17 20 37
0 2 56
7 10 57
17 20 42
3 4 10
11 14 28
19 23 64
18 22 35
7 11 15
6 9 61
17 21 45
21 0 20
14 18 65
9 12 5
8 10 33
3 4 46
8 11 22
15 17 38
20 23 43
13 16 56
14 18 9
19 21 36
10 13 1
6 9 15
23 1 16
5 9 19
16 21 69
23 2 21
20 0 36
17 21 22
0 3 16
5 7 68
21 0 44
16 18 68
0 3 35
3 8 43
12 15 40
7 12 60
17 21 61
13 16 43
22 1 23
10 12 7
3 5 29
9 13 26
9 12 24
13 16 6
18 20 6
13 16 21
10 12 58
4 7 36
1 2 59
0 1 32
14 17 47
12 15 14
14 18 27
15 16 13
2 4 45
7 9 46
16 17 2
19 23 6
2 4 39
3 6 26
22 0 70
15 19 29
8 12 24
13 17 18
12 15 26
7 9 4
21 23 29
20 0 20
16 17 22
19 22 42
8 9 43
16 18 48
1 1 54
16 19 33
7 9 30
23 3 23
8 12 55
1 5 5
13 16 70
17 22 21
9 12 4
13 15 46
13 16 43
15 19 16
8 12 51
17 21 49
3 7 35
18 21 62
3 6 38
7 9 34
3 4 36
22 3 68
9 13 25
14 17 67
14 17 22
8 9 55
23 1 34
5 8 53
11 15 19
15 19 44
6 9 46
17 19 37
7 11 3
14 16 67
12 14 66
1 5 51
13 17 27
3 5 47
22 1 64
23 1 28
15 18 68
16 20 49
0 3 15
5 9 58
8 10 31
6 11 24
17 20 27
16 20 33
20 23 58
9 12 53
21 0 55
9 13 15
12 16 46
9 13 36
6 9 7
9 11 64
16 18 4
22 1 21
0 2 27
19 22 5
16 20 35
13 14 46
3 4 18
22 1 5
20 23 67
8 13 40
5 7 18
12 15 22
8 9 48
9 11 11
4 5 49
15 18 56
16 18 37
18 22 70
5 8 4
1 5 8
8 11 60
1 5 21
14 17 19
11 12 16
21 0 22
1 4 65
10 14 17
18 22 20
7 10 51
5 7 57
13 17 22
16 19 10
7 11 4
3 6 18
13 16 36
2 5 12
17 21 42
10 12 11
16 18 69
13 15 24
19 22 37
5 7 25
12 16 29
1 5 3
11 14 37
20 0 52
19 23 5
6 10 2
6 8 38
21 23 23
10 14 18
7 11 2
9 11 47
14 17 50
5 7 8
5 7 28
7 10 35
7 9 31
20 0 1
3 7 41
3 7 2
7 9 5
7 11 45
15 17 15
8 10 25
7 9 38
19 23 63
5 10 9
23 0 59
9 12 55
16 20 65
9 12 11
2 6 60
8 7 27
16 18 45
22 1 46
10 13 31
18 20 57
9 12 22
5 6 35
0 3 37
4 7 11
23 1 44
20 0 58
19 21 28
1 3 7
19 20 52
15 18 12
3 6 18
7 11 18
9 13 10
3 7 55
19 22 58
13 14 70
19 23 44
16 18 13
10 14 65
2 4 37
17 21 22
18 18 34
22 1 55
6 8 6
18 22 10
0 4 63
1 4 15
16 21 37
4 7 10
21 1 68
4 7 8
13 17 8
5 10 19
15 17 66
2 6 14
17 18 59
23 3 30
14 17 47
17 20 22
22 3 19
21 23 70
13 17 14
13 17 47
5 8 20
6 10 3
13 16 4
12 15 63
22 2 21
1 5 31
17 19 46
15 18 67
17 21 69
10 15 48
21 0 48
10 13 60
7 8 58
19 22 51
15 18 68
17 19 18
10 14 38
20 0 13
3 7 46
12 14 40
16 19 20
15 17 53
18 21 25
14 15 49
22 1 49
10 14 31
19 20 4
3 6 6
6 8 22
4 9 31
17 20 70
1 4 43
22 1 66
20 22 41
21 23 38
17 21 14
1 3 65
12 16 1
5 8 25
20 22 40
19 23 68
12 15 18
14 19 16
6 9 56
2 5 24
11 14 17
18 21 66
12 15 25
8 11 67
0 2 37
23 1 45
12 16 62
2 7 13
22 1 59
5 8 62
4 8 30
17 21 45
23 2 5
8 13 27
22 1 32
18 21 67
2 5 65
23 2 62
9 12 15
19 21 40
17 20 3
8 8 51
9 14 29
21 1 44
19 22 57
20 1 4
21 23 61
23 2 27
22 0 15
2 4 10
23 4 5
10 11 53
15 17 16
1 5 14
2 5 16
12 13 5
6 10 5
17 20 28
7 10 15
4 8 12
19 22 27
8 11 31
21 0 31
3 5 68
15 16 68
5 6 28
14 17 65
21 1 41
7 10 19
21 22 43
0 3 13
3 6 58
10 12 54
10 13 54
21 2 27
15 18 4
23 3 54
19 21 25
14 17 69
12 16 2
19 21 45
10 12 60
20 0 5
8 11 41
4 7 28
1 4 27
8 12 10
19 23 1
1 4 56
15 20 13
2 5 20
17 21 25
21 0 59
0 5 11
2 4 41
21 23 63
18 21 57
14 18 62
5 7 56
6 8 17
23 2 12
18 21 40
3 8 54
5 8 7
21 0 49
1 2 19
11 14 46
3 6 38
0 3 29
13 18 62
12 15 31
4 8 15
3 6 51
5 10 60
18 22 68
5 9 33
6 8 51
18 19 55
10 15 19
20 23 19
3 6 28
8 11 64
23 0 9
14 17 19
17 20 11
23 1 46
3 6 63
23 2 57
13 16 15
14 17 37
12 15 66
23 2 69
9 12 33
15 18 22
1 4 8
14 18 31
18 21 16
15 17 14
18 20 24
14 17 26
9 12 63
3 7 15
4 7 52
12 14 48
12 15 19
1 4 48
6 7 12
12 16 60
15 18 38
21 2 64
20 22 64
20 23 44
18 21 58
18 21 15
10 11 48
19 22 15
9 13 70
20 23 48
15 17 41
1 4 53
0 6 39
5 8 52
0 2 9
22 0 69
18 22 48
19 23 61
12 15 47
15 19 62
6 8 58
17 20 2
16 20 61
8 12 31
12 14 1
1 5 13
0 2 68
16 17 39
7 11 50
22 3 56
0 1 61
7 7 44
0 3 39
20 23 24
23 3 55
1 2 31
15 19 29
22 2 47
0 3 24
16 20 45
7 11 14
15 18 10
10 15 55
12 15 57
21 23 35
16 20 23
4 8 20
5 9 59
11 13 53
9 13 55
1 4 48
6 9 22
21 2 26
8 12 37
10 13 51
15 19 32
14 17 57
15 17 26
23 2 12
22 0 48
18 22 53
11 16 65
8 12 55
20 21 25
21 0 38
10 13 6
16 17 6
22 1 22
18 22 52
10 12 42
12 13 8
20 0 58
14 18 13
6 8 13
16 17 21
12 14 54
2 6 39
16 21 42
0 1 53
8 11 11
21 0 43
5 9 52
19 22 19
7 11 50
0 0 15
6 8 35
5 8 22
12 15 23
2 4 37
15 18 40
15 20 9
0 5 38
8 11 53
18 21 52
20 0 5
13 17 29
8 9 45
20 23 24
22 0 27
17 20 70
7 11 37
8 13 49
3 8 13
22 1 61
16 18 12
20 23 66
1 5 45
17 20 28
5 8 50
13 17 61
16 18 3
17 18 10
10 12 21
12 16 15
6 10 27
22 2 44
17 20 18
7 11 52
20 22 55
13 15 7
17 20 64
17 20 9
1 2 53
1 4 51
14 17 23
3 6 44
5 8 58
9 12 18
3 8 16
4 7 70
11 14 65
14 16 46
10 13 54
20 0 48
1 3 41
6 7 47
21 0 20
19 22 26
18 22 33
8 9 70
15 19 35
7 10 14
1 5 12
21 1 14
17 20 42
6 10 34
14 17 34
2 4 65
19 22 21
0 2 30
11 13 3
15 19 17
8 9 54
17 19 55
12 13 5
19 20 49
0 3 7
14 17 20
10 12 67
18 21 43
17 20 21
12 14 42
23 4 44
4 7 22
1 3 29
17 20 25
0 5 1
23 1 28
22 0 34
20 21 41
15 17 16
8 11 25
17 21 45
20 0 62
18 22 52
0 2 7
13 17 4
12 16 5
21 23 35
1 3 4
5 8 61
14 18 1
2 6 26
12 16 69
22 2 41
13 17 19
20 22 65
0 3 60
14 17 18
10 13 60
2 5 15
7 10 12
3 5 6
4 7 32
20 23 5
19 20 21
2 6 41
18 22 7
15 17 20
17 19 65
4 8 65
18 21 13
2 6 24
12 15 38
14 19 68
8 12 7
15 16 65
5 8 20
7 11 14
22 2 18
3 4 39
10 12 18
12 16 24
10 11 42
14 17 58
10 13 66
23 4 46
16 20 22
6 9 57
10 14 24
2 4 70
14 17 15
23 2 10
20 22 11
12 16 11
12 15 31
1 4 53
9 13 52
17 20 5
21 23 7
15 16 31
0 4 22
4 8 43
14 15 37
2 6 16
20 1 43
12 16 70
17 21 16
23 2 14
9 13 14
12 14 53
17 21 69
22 2 15
14 18 45
19 21 57
7 10 45
0 4 14
17 21 2
0 3 35
6 10 66
16 19 44
1 5 19
6 10 70
21 23 64
18 21 14
23 3 24
8 11 56
20 0 26
1 5 37
22 2 69
1 6 30
20 23 53
3 6 61
1 4 42
6 10 16
11 14 68
6 9 25
17 19 46
13 15 63
11 13 35
14 19 37
16 19 32
10 10 70
16 19 36
22 1 69
11 15 53
0 3 9
11 13 16
7 12 3
1 5 41
11 16 50
10 10 59
20 23 65
2 7 57
22 2 14
20 23 32
14 15 1
4 7 29
15 19 21
2 5 3
18 21 33
17 19 20
22 0 6
14 18 44
14 18 58
7 11 51
12 16 47
22 2 55
9 14 16
3 6 27
2 4 20
8 12 61
20 0 52
12 15 62
22 1 70
10 14 3
5 7 42
13 17 50
9 10 18
13 17 69
22 0 19
0 3 20
2 4 68
14 18 25
1 4 11
20 1 70
12 14 3
17 20 61
18 21 53
23 2 64
16 20 35
23 4 3
18 20 70
14 15 48
17 18 63
1 6 44
8 11 52
6 9 31
18 22 4
20 22 36
18 19 34
11 14 60
1 4 20
14 18 21
5 9 61
14 17 4
22 3 67
5 8 43
1 3 45
8 11 39
17 21 53
0 2 48
3 5 57
20 23 69
4 7 12
17 20 64
22 1 14
14 16 52
16 19 7
16 19 57
15 17 3
4 7 52
19 22 6
23 2 11
11 14 57
21 1 44
9 13 35
18 21 29
17 19 66
17 21 37
20 22 42
11 14 1
9 14 17
9 12 50
0 3 55
16 18 52
9 12 7
14 17 40
14 18 60
20 23 9
23 3 42
15 19 65
10 13 16
13 14 19
12 17 70
1 2 66
22 23 40
12 15 1
21 23 26
17 20 43
4 7 58
13 16 14
18 22 6
1 4 55
23 2 48
4 6 65
17 18 30
19 0 29
23 4 24
21 23 51
17 20 6
13 16 9
22 2 61
23 2 46
16 19 22
1 4 7
1 2 7
1 4 64
7 9 62
10 14 55
13 16 16
4 6 37
17 19 58
1 3 21
21 1 7
17 21 31
9 12 34
2 5 39
7 9 63
0 3 15
14 16 64
17 20 24
5 9 44
18 22 45
20 0 64
6 10 24
8 11 68
18 22 17
16 20 56
1 4 17
15 18 53
6 9 46
21 23 43
7 10 49
14 17 65
20 23 64
13 17 6
3 6 12
0 4 58
5 9 18
19 23 14
16 18 20
2 7 69
12 15 8
15 18 62
9 13 1
0 2 65
6 9 45
13 16 44
18 22 50
11 14 7
19 23 68
14 16 69
17 21 3
9 13 32
3 6 31
0 5 6
13 18 49
8 11 15
0 4 54
18 21 4
7 13 15
9 12 17
8 12 61
8 11 14
14 16 43
0 4 68
6 11 26
2 5 32
19 0 69
20 0 6
17 19 25
17 20 50
20 1 4
6 10 67
22 1 13
7 10 23
18 20 40
17 20 18
3 5 3
9 11 35
6 9 43
16 19 31
15 17 22
19 22 37
23 3 39
0 0 62
10 12 58
5 9 24
17 21 15
16 19 53
5 9 42
1 5 69
1 4 50
13 16 57
16 19 27
17 19 66
17 18 37
6 8 29
4 7 36
7 10 70
17 18 3
21 23 24
0 3 66
12 15 19
10 14 60
12 16 8
6 10 58
22 0 41
15 17 41
2 5 55
3 5 33
15 18 35
19 23 69
17 20 36
11 16 46
12 14 18
15 19 2
1 4 22
21 0 41
14 15 13
18 21 4
20 23 19
16 18 39
22 1 44
5 10 17
19 22 69
2 5 48
18 20 63
1 4 61
2 4 60
9 14 27
16 21 57
12 16 68
9 11 40
15 19 21
15 18 50
16 20 22
3 5 56
20 23 18
2 5 28
11 15 13
17 19 6
17 19 64
3 7 22
19 22 25
2 5 43
5 8 52
5 8 7
22 23 34
1 2 45
6 10 12
0 2 9
4 7 19
1 5 23
17 20 33
6 8 52
12 15 14
5 9 40
10 12 43
14 18 10
22 0 44
10 12 67
18 22 70
10 14 23
22 0 56
17 19 69
19 22 15
5 6 6
2 5 21
13 18 3
15 20 9
12 15 67
5 8 39
22 1 42
0 3 57
19 22 59
21 1 12
19 21 65
16 18 60
22 1 45
23 3 53
5 8 3
11 16 36
7 8 67
16 19 54
14 16 53
21 0 5
20 22 65
20 0 63
15 19 69
6 7 16
10 15 53
3 5 52
18 21 48
3 7 21
7 8 34
18 21 64
1 5 26
23 0 63
23 1 58
12 14 14
23 1 41
10 11 36
14 17 4
0 2 64
11 14 20
10 14 16
18 22 46
19 21 42
21 1 19
2 5 42
12 15 68
4 8 12
12 16 15
8 10 20
20 0 55
18 0 66
5 8 4
7 9 29
23 3 2
6 7 70
15 18 70
14 17 17
17 20 17
23 1 4
7 8 53
15 18 16
18 20 16
18 22 10
7 8 7
22 2 48
13 15 39
4 7 33
23 4 51
12 15 42
23 2 24
21 1 21
22 2 62
21 0 26
10 13 50
7 9 6
4 7 57
2 6 52
18 21 8
13 15 12
0 4 28
12 14 22
21 22 18
6 10 64
15 18 56
1 4 7
18 21 57
15 18 38
15 17 14
6 8 37
7 10 33
1 3 26
7 11 69
16 19 65
10 13 52
2 3 67
8 11 14
17 20 21
15 19 2
7 10 28
10 15 43
15 19 12
19 23 27
7 12 39
4 7 32
4 8 31
8 12 41
1 4 57
19 22 12
10 14 35
23 3 38
17 21 22
1 3 9
9 11 51
3 7 17
19 20 40
14 18 13
13 16 18
8 12 6
4 10 69
5 6 34
13 16 51
14 17 42
5 9 45
21 0 44
5 9 42
16 18 51
18 21 56
19 21 2
9 11 12
12 15 1
22 1 69
10 14 66
6 9 65
17 20 29
16 18 59
17 20 66
19 0 61
23 1 28
10 13 35
18 21 20
14 18 17
0 2 65
11 14 19
21 1 38
15 17 44
3 6 43
10 14 41
8 10 17
4 8 59
20 23 18
16 20 31
18 20 41
10 13 14
15 19 8
13 14 11
11 14 25
17 19 44
21 23 10
18 21 65
13 16 51
5 8 68
9 10 57
14 18 67
5 9 36
2 5 60
20 21 41
9 11 43
15 18 62
12 15 32
7 10 13
0 3 60
9 12 14
14 17 67
10 14 52
19 21 19
8 12 38
3 6 8
19 22 32
16 19 33
0 2 39
19 23 49
20 23 35
20 1 24
17 21 40
18 21 16
23 2 14
12 15 63
14 18 50
16 18 19
4 8 34
20 21 34
6 11 42
23 3 68
9 12 39
17 21 63
4 6 26
23 2 32
1 4 9
13 16 59
10 12 43
18 22 25
4 7 63
22 0 70
23 2 38
6 8 4
0 2 14
13 17 10
7 11 17
22 1 65
6 8 15
18 19 4
7 10 55
2 5 58
17 20 15
3 5 39
20 0 30
16 21 11
11 13 12
21 2 47
9 11 14
18 21 26
14 16 41
13 16 26
14 19 49
18 22 1
14 15 28
13 17 52
9 12 55
12 16 26
19 22 1
7 11 66
17 19 15
6 9 63
22 0 5
9 12 35
16 18 32
23 3 32
16 19 41
20 22 62
4 6 44
22 2 25
19 0 11
18 20 9
11 16 45
16 20 47
0 4 69
20 22 12
6 9 18
20 0 56
8 11 41
14 18 26
6 9 23
16 21 46
6 9 24
0 3 63
10 13 17
22 1 69
10 15 46
2 5 29
0 5 18
14 16 68
18 21 18
3 5 12
13 17 25
8 11 39
13 16 12
13 16 68
7 10 14
6 10 60
3 5 10
14 19 15
20 23 39
15 18 64
2 6 36
20 23 32
23 3 45
8 11 15
17 20 35
11 15 26
18 21 38
6 9 69
0 4 2
7 10 38
4 9 43
7 9 13
18 23 21
4 6 2
11 14 21
10 13 24
22 2 65
17 20 22
2 5 25
13 16 29
20 21 24
22 2 66
2 4 65
4 6 30
5 8 66
16 19 7
17 19 18
22 2 8
17 20 53
14 16 45
16 19 29
21 0 26
23 4 54
1 5 57
13 17 60
21 1 15
2 5 14
21 2 20
2 5 5
16 21 5
13 16 36
18 22 6
20 23 68
4 9 27
3 5 64
14 18 2
23 1 32
1 4 6
12 15 49
18 22 63
7 10 4
18 21 20
3 6 67
20 23 19
12 15 23
23 3 49
19 22 6
22 0 13
8 10 69
9 12 58
1 4 42
14 17 63
6 8 18
21 2 6
18 20 66
1 3 60
9 13 55
12 13 35
0 3 69
10 14 11
23 1 1
12 17 54
0 2 32
5 9 25
5 9 21
7 10 43
1 3 18
20 23 35
1 4 32
13 16 43
11 13 67
15 18 66
19 21 29
12 15 42
17 19 26
14 17 41
3 7 60
8 10 44
22 1 16
11 13 6
18 19 52
11 14 22
9 12 14
23 1 66
13 16 36
20 0 41
2 5 52
20 0 58
13 17 36
23 4 22
0 3 7
18 21 41
22 1 9
16 19 65
14 16 26
1 5 63
4 6 26
2 4 27
11 15 50
19 22 58
10 13 36
18 21 26
16 17 28
5 8 70
5 7 8
7 9 32
7 9 1
23 2 54
10 12 45
11 14 25
5 8 6
22 1 17
21 2 25
2 5 9
3 6 21
0 1 30
1 5 17
18 21 38
8 11 43
21 23 45
7 11 57
16 20 37
1 3 65
13 17 55
0 4 15
9 12 45
15 19 36
0 3 70
23 1 8
16 20 48
16 18 26
4 7 42
13 17 37
8 10 33
13 15 5
1 3 13
8 11 38
14 16 18
15 20 59
2 5 1
19 22 3
11 15 28
15 16 26
13 15 38
22 2 60
4 7 28
8 11 47
6 8 60
14 16 25
17 21 34
18 19 9
14 16 58
19 22 27
19 22 45
14 17 18
9 12 31
9 11 35
15 18 69
14 18 21
1 5 56
15 17 12
1 5 22
1 4 55
5 7 1
10 12 41
5 9 24
13 15 33
13 15 53
6 8 41
20 1 17
4 8 9
10 13 52
6 8 20
6 8 45
7 9 10
15 19 40
23 3 26
18 21 30
16 19 35
21 0 70
15 18 42
13 15 2
15 18 34
2 5 37
6 10 58
18 20 32
18 20 41
17 19 17
0 3 11
2 5 21
6 9 3
11 12 63
3 6 30
4 6 62
0 4 54
19 22 12
0 2 37
9 12 14
15 18 13
14 16 10
0 3 23
14 17 3
18 20 13
1 4 12
8 11 39
7 10 65
1 4 9
10 12 51
0 2 52
12 15 4
8 10 10
13 14 12
20 23 5
3 6 10
19 21 25
2 4 58
0 5 19
12 16 36
1 4 68
9 13 9
13 16 20
1 3 48
6 7 63
2 5 3
8 10 3
16 19 52
15 18 32
15 20 3
17 19 28
13 16 14
7 11 27
15 18 28
21 0 16
20 23 62
0 4 24
21 23 15
7 9 22
9 13 60
19 22 30
10 12 7
13 16 6
23 2 10
7 11 67
20 23 21
0 3 45
9 13 14
17 22 61
8 12 26
7 9 56
12 16 64
16 20 31
13 15 20
8 11 17
18 21 41
16 18 25
9 12 37
11 14 49
5 8 14
5 5 62
14 18 23
16 18 46
17 19 43
4 7 69
6 8 33
2 5 70
8 12 35
17 20 34
15 20 10
19 22 48
3 7 50
21 0 53
9 12 44
17 19 20
6 8 6
19 22 34
13 13 62
7 9 51
14 17 16
7 11 19
15 18 51
8 12 38
0 3 56
21 22 28
5 8 13
18 21 66
23 2 31
7 11 54
20 23 52
15 16 64
16 18 50
15 18 56
9 12 38
0 2 59
9 10 8
18 22 3
21 1 17
3 5 37
2 4 3
22 1 6
20 22 58
14 17 1
6 9 55
8 10 64
15 18 22
12 15 23
23 3 13
10 10 5
12 14 70
22 1 45
17 19 5
19 23 50
12 15 51
3 6 42
10 14 8
19 23 52
8 11 20
7 10 6
0 4 60
6 9 41
19 23 27
11 14 45
15 17 21
10 14 23
23 2 44
10 12 2
20 23 58
20 23 50
20 23 22
0 3 36
7 10 14
15 19 65
9 12 70
23 0 25
0 2 34
11 14 11
2 4 48
10 14 23
19 22 39
8 11 58
13 14 18
3 5 66
17 20 29
12 15 28
13 14 4
11 14 59
0 2 10
7 9 26
14 16 8
10 12 67
15 19 70
16 20 68
7 9 65
1 5 11
2 4 15
14 17 26
15 18 21
13 14 53
7 10 27
5 8 8
22 0 28
4 6 25
7 9 4
21 0 24
13 16 42
2 4 60
12 14 10
1 3 57
1 4 47
18 20 46
17 21 30
13 16 27
7 10 41
12 14 22
21 0 69
12 15 25
9 12 1
22 0 31
23 1 69
7 10 35
12 14 19
0 3 42
8 12 19
10 12 35
17 19 30
7 11 45
15 18 48
9 12 65
8 11 3
2 6 26
0 2 1
3 5 43
1 3 5
3 5 56
7 11 8
9 11 14
2 4 9
11 15 4
2 6 48
5 8 1
10 14 39
7 10 17
2 5 3
19 22 1
8 12 32
9 11 40
3 6 41
22 2 48
10 12 39
11 13 14
0 3 45
4 6 42
11 13 18
12 16 2
15 18 54
20 21 46
18 20 58
9 11 43
17 21 52
9 13 17
12 14 4
9 13 57
9 12 48
20 0 18
21 23 35
21 23 30
15 18 11
23 1 39
11 14 20
19 21 61
7 10 9
20 23 2
16 20 25
22 1 3
3 5 41
17 20 68
6 10 49
17 20 41
7 11 35
11 14 26
6 9 17
14 17 60
4 9 32
22 1 65
21 0 22
1 3 40
17 19 46
7 9 33
7 11 43
13 14 2
10 11 52
12 14 43
20 22 26
19 21 1
17 19 37
0 2 69
11 15 46
13 16 25
13 16 22
0 5 58
7 12 36
0 2 38
9 12 2
7 12 18
9 11 39
18 22 10
8 10 10
3 6 50
12 15 30
5 8 58
19 22 56
15 17 68
17 22 43
19 21 58
11 11 60
8 12 21
17 20 11
16 18 32
6 9 19
21 23 43
8 13 67
18 22 58
2 6 2
18 21 38
15 19 46
3 7 68
12 15 46
13 15 65
23 1 32
19 20 44
22 2 53
13 16 33
16 21 10
3 6 61
2 4 47
8 11 60
10 14 34
20 23 52
3 6 40
13 17 21
9 12 8
17 21 6
14 18 37
7 10 67
18 19 30
9 11 56
22 1 64
18 21 53
12 14 37
13 17 58
3 6 67
21 1 41
5 6 41
22 0 52
13 16 51
13 15 15
21 0 21
6 8 64
20 22 21
20 22 19
15 16 31
5 7 66
16 17 21
14 18 69
5 9 25
12 15 59
2 6 22
2 4 20
14 16 15
12 16 9
11 14 9
23 1 49
18 22 6
2 6 10
12 14 62
1 3 29
9 11 39
0 3 2
21 0 65
19 23 2
16 19 26
14 18 11
0 2 32
6 9 29
21 1 27
5 8 67
7 10 70
0 4 34
14 17 70
3 7 5
4 7 63
16 20 11
11 16 58
20 23 19
4 9 28
1 5 34
14 16 34
17 20 18
23 1 46
4 6 16
0 4 24
9 11 43
20 23 30
3 7 1
5 7 63
13 17 35
20 23 29
20 23 49
20 0 4
14 16 17
15 18 59
11 16 16
14 15 33
18 22 68
0 4 45
0 3 53
8 10 28
0 3 6
8 10 53
17 19 64
14 15 37
17 19 41
12 14 4
5 8 53
22 0 27
2 6 59
1 3 23
6 9 20
10 15 18
19 22 45
15 18 26
11 13 3
14 19 45
13 17 42
18 22 59
19 0 15
18 20 41
12 15 49
9 14 32
16 18 54
2 6 9
10 13 40
1 6 5
16 20 7
10 14 47
9 13 30
12 14 31
3 5 2
8 12 23
0 3 68
7 10 27
6 8 61
15 18 47
15 16 31
2 7 48
4 7 8
21 1 47
0 4 19
2 6 70
9 12 51
8 10 11
9 12 50
3 6 50
11 13 28
8 10 11
0 4 60
19 23 11
20 22 65
21 23 20
3 6 44
21 0 55
17 21 32
3 4 36
21 0 54
23 1 56
21 0 48
7 10 11
12 17 4
20 23 34
21 0 57
20 22 45
11 14 15
10 14 66
13 16 9
7 9 37
20 0 48
19 22 11
6 10 35
9 12 24
1 4 68
22 1 51
5 7 63
16 17 58
9 12 8
23 2 33
18 20 61
5 10 59
19 23 7
4 8 11
12 16 51
20 23 9
10 13 42
1 5 7
18 21 45
9 11 32
10 13 61
0 2 47
20 1 40
14 18 10
2 4 42
8 13 51
17 19 63
4 5 20
9 12 59
8 11 68
2 6 52
14 18 46
21 0 15
18 21 18
14 18 22
1 5 32
15 17 3
4 6 59
14 19 68
21 23 30
16 19 26
15 18 70
17 19 8
16 19 56
12 14 63
2 4 40
23 1 43
18 21 55
23 2 58
14 17 66
8 11 10
11 15 5
7 12 48
6 10 57
16 21 18
5 8 53
3 6 62
2 5 26
12 16 5
0 3 30
2 7 65
6 10 14
3 5 18
6 9 13
9 11 22
16 18 6
1 4 9
2 5 8
16 19 17
23 2 25
2 7 5
5 8 16
5 7 2
5 9 15
14 14 68
0 4 54
13 15 52
15 20 47
3 6 59
12 16 14
15 17 27
9 11 25
12 16 55
1 4 44
5 8 9
13 16 35
11 14 48
8 10 11
11 15 48
10 15 38
19 23 23
11 14 58
5 10 7
7 11 30
18 23 12
2 8 1
14 19 56
20 23 3
5 9 50
10 13 38
8 12 31
20 0 8
6 8 64
14 17 32
19 22 44
12 14 24
4 8 67
16 19 10
2 6 54
17 20 57
12 15 12
13 17 67
17 20 38
14 17 47
6 9 58
5 7 57
0 2 57
15 18 23
3 4 16
20 22 69
7 10 62
18 21 13
7 11 58
3 5 19
21 0 61
6 8 30
16 19 5
14 17 26
13 17 59
17 20 27
6 9 18
16 18 60
8 12 14
11 13 6
10 14 32
3 5 65
4 6 21
18 20 3
9 13 19
12 18 21
3 6 70
20 0 44
14 16 61
9 10 26
6 10 46
9 11 64
11 13 3
16 19 13
12 17 28
6 8 27
3 5 57
13 16 65
0 3 49
2 5 41
11 14 6
6 10 34
2 6 61
14 17 14
9 14 48
17 20 63
7 10 62
2 5 36
4 7 69
9 13 44
18 21 2
18 20 11
20 22 18
16 21 12
3 6 59
13 17 46
12 14 44
0 5 62
6 9 36
13 16 45
21 2 6
9 12 41
14 18 16
13 15 36
2 5 60
15 18 67
3 6 63
19 22 62
18 21 5
9 13 2
3 8 11
2 5 48
0 3 3
15 17 1
23 1 63
16 19 60
13 16 6
4 7 22
18 21 4
1 3 36
3 4 67
7 12 45
0 4 68
3 7 67
1 4 57
15 19 59
23 1 31
4 7 36
0 3 44
13 17 60
5 7 28
7 11 28
20 23 57
17 19 66
17 20 31
9 11 50
4 5 57
10 14 54
23 4 66
23 1 13
18 20 54
9 11 8
4 8 13
4 8 36
12 16 4
19 23 57
3 8 52
7 10 70
20 1 41
15 17 7
17 19 27
23 2 67
16 19 63
22 0 66
14 18 64
18 22 17
16 19 19
8 11 54
1 5 59
17 20 6
7 10 32
16 20 44
20 23 25
22 1 36
11 13 12
0 4 19
20 0 3
7 9 49
23 2 67
13 16 12
1 3 14
14 16 60
9 12 56
1 6 44
11 13 53
14 15 64
18 21 21
21 1 22
18 20 10
15 17 58
14 17 53
6 8 39
6 9 26
15 17 43
4 6 52
6 9 43
8 10 53
15 19 52
18 22 28
18 21 34
23 1 62
17 21 36
4 8 63
2 6 44
12 16 16
21 0 36
12 15 9
19 22 34
19 21 34
8 12 7
20 21 34
2 5 5
15 18 21
1 5 13
2 5 46
23 1 16
14 18 32
11 14 51
18 21 37
23 2 56
4 6 14
11 15 70
15 19 1
22 0 64
10 14 23
1 3 36
2 5 11
1 2 61
1 2 53
23 4 14
6 8 37
10 13 43
15 18 55
4 7 13
3 7 47
0 2 54
0 4 33
13 14 10
13 17 53
10 13 22
7 9 9
8 11 63
2 4 28
13 15 42
2 7 49
15 17 39
19 23 11
6 10 8
16 17 32
9 12 25
0 3 24
8 10 3
17 18 57
8 11 15
17 20 12
9 12 4
14 16 45
12 16 29
8 11 23
5 7 10
7 10 42
13 16 55
8 10 62
21 23 50
2 6 13
0 5 3
3 5 16
2 6 42
14 17 19
17 20 70
15 19 53
2 5 70
7 10 58
2 6 48
11 14 51
14 17 61
9 12 4
5 8 24
4 6 50
22 0 15
17 18 28
13 15 68
10 12 26
12 15 12
21 1 52
13 16 34
2 6 33
6 9 20
20 23 24
3 6 51
1 5 4
9 11 70
20 1 59
21 1 31
10 14 45
8 11 68
9 13 47
2 4 59
21 0 70
2 6 16
16 20 25
12 15 45
11 14 44
21 0 26
21 0 52
4 7 64
17 22 54
5 8 25
6 10 22
22 1 17
7 10 32
23 2 45
6 9 67
2 6 68
16 19 36
9 14 63
20 0 60
21 23 39
16 20 51
2 5 58
4 7 33
8 12 15
0 3 62
1 4 32
12 15 44
7 10 68
12 14 7
23 3 42
3 7 4
16 20 8
10 13 40
6 8 22
16 18 44
9 11 66
6 9 2
2 5 41
4 6 44
6 9 17
6 10 56
10 11 18
16 19 66
6 7 53
23 3 63
11 15 43
19 21 70
22 3 63
22 1 25
18 21 59
12 15 28
10 14 32
8 10 18
19 0 55
1 2 68
8 11 57
18 21 51
12 14 46
22 1 45
20 22 17
13 16 33
6 10 59
9 12 10
4 6 26
16 18 63
11 15 51
6 11 70
4 8 8
6 9 59
0 3 33
18 21 67
8 10 58
3 6 60
3 6 43
15 18 10
7 11 59
18 21 34
3 5 16
6 8 15
20 0 37
19 22 20
23 4 69
14 17 52
15 18 34
4 6 60
20 23 62
8 11 70
17 19 69
8 12 25
4 7 30
2 6 2
9 13 13
16 19 20
17 20 1
8 9 25
18 21 28
21 2 48
18 20 58
8 11 55
23 2 20
1 5 62
3 6 65
3 5 57
11 14 29
2 4 1
6 8 50
20 23 23
11 13 61
20 22 65
10 12 64
13 15 47
9 13 35
20 23 30
13 15 25
20 0 49
16 19 70
19 23 53
20 23 60
19 22 22
11 14 60
17 19 2
22 2 59
2 4 3
6 10 13
0 4 31
3 6 45
12 16 53
6 8 51
2 5 30
1 3 70
15 18 39
13 15 58
2 5 32
17 19 70
17 20 62
21 0 6
0 3 61
5 6 56
21 22 21
13 17 41
8 11 5
15 20 8
6 10 67
3 5 29
14 17 27
22 1 69
8 11 70
18 21 39
6 7 39
8 10 62
23 0 1
17 18 20
12 15 22
2 4 54
11 14 15
9 13 20
21 23 68
5 8 43
6 9 68
0 3 35
20 0 20
10 13 59
1 2 29
13 17 37
22 2 51
3 7 67
13 15 32
15 16 13
3 7 11
4 6 43
1 5 55
7 9 11
0 4 53
6 9 23
19 22 58
20 22 67
4 7 67
16 20 2
23 1 13
10 12 70
0 4 4
4 7 50
16 19 67
18 23 29
0 4 43
1 2 64
21 0 29
3 6 44
3 6 25
1 4 52
7 11 56
14 18 19
3 6 32
11 13 11
16 20 64
21 2 14
22 0 35
9 13 67
0 2 9
5 8 52
14 17 44
22 23 37
18 20 19
14 16 14
12 15 1
22 1 65
12 15 20
16 16 37
4 5 63
3 6 57
2 4 63
13 18 40
20 0 56
19 21 57
19 22 28
20 23 65
3 6 2
20 23 35
23 3 34
20 23 45
13 17 62
16 20 39
20 0 25
22 2 38
11 13 3
4 8 27
6 7 6
6 9 37
14 18 32
19 23 29
16 19 70
15 17 12
11 14 14
15 17 5
0 3 22
21 1 17
16 20 15
8 12 35
11 15 55
11 13 61
14 19 30
20 0 68
9 12 19
19 23 19
18 20 45
12 17 21
3 6 23
3 6 12
6 8 2
10 13 27
13 15 51
9 13 64
23 3 49
16 18 33
20 23 27
8 9 69
1 4 48
15 17 44
15 20 13
10 13 8
6 11 32
7 9 65
8 12 14
9 12 57
19 22 27
11 15 48
20 22 2
15 19 27
14 17 12
17 20 46
12 15 12
18 21 47
20 23 35
12 17 55
12 14 59
9 12 61
2 6 53
19 21 3
17 19 45
15 19 24
23 3 37
13 17 8
8 11 15
16 18 43
12 17 29
19 23 20
1 5 47
9 12 44
7 10 49
7 10 51
7 9 1
21 0 65
8 13 22
7 11 17
11 14 42
14 17 2
22 1 68
15 18 26
14 18 6
10 13 59
23 2 1
9 11 44
23 2 63
1 5 38
19 23 70
1 4 13
19 20 39
13 17 64
3 7 25
2 6 47
23 2 56
12 14 43
22 1 67
11 13 56
5 9 32
5 9 24
18 22 40
21 0 9
16 20 11
23 3 29
10 12 43
22 2 30
11 13 56
1 4 10
18 20 23
5 9 62
6 9 25
8 12 38
6 9 4
18 22 34
8 11 20
23 3 68
19 21 56
10 12 25
1 3 60
22 1 49
17 21 34
22 1 57
19 23 68
4 7 3
17 21 36
15 18 42
10 13 27
16 21 45
11 13 30
17 21 35
14 16 29
12 15 23
18 22 22
20 0 32
21 1 24
21 0 2
23 1 43
18 21 14
23 2 17
18 20 60
22 2 63
11 13 46
19 22 58
16 18 44
15 16 64
8 12 17
15 17 17
10 13 20
18 20 35
0 4 24
1 4 22
7 11 4
12 16 64
12 14 40
9 12 42
13 16 8
18 21 5
1 2 38
6 8 64
0 3 48
2 3 19
13 16 53
18 20 42
2 3 39
9 11 5
5 5 43
0 2 36
0 2 12
1 4 11
5 9 8
20 1 42
13 16 54
6 9 47
9 12 15
16 20 37
2 4 62
4 7 65
22 0 16
14 17 2
6 11 54
15 18 8
9 9 60
3 6 34
3 6 56
0 5 53
13 16 48
1 4 2
18 21 20
7 8 68
11 14 32
21 1 45
10 13 52
19 22 39
7 10 27
2 5 17
6 8 38
20 23 27
8 11 41
3 4 11
9 13 23
14 17 46
6 8 51
20 21 18
3 7 3
12 15 56
17 19 5
22 1 63
12 15 24
18 21 67
2 3 22
18 20 64
4 7 14
19 20 7
17 20 3
18 21 6
17 20 11
4 8 28
15 18 56
17 20 63
9 12 26
21 22 31
2 7 34
14 17 61
21 22 2
20 22 19
17 20 35
23 1 11
10 12 46
14 16 1
18 21 2
14 17 7
8 11 18
20 23 55
9 12 69
0 4 14
23 2 49
12 15 59
16 20 41
17 19 38
19 21 55
12 16 28
15 19 23
11 13 10
17 20 57
8 10 32
22 23 8
6 10 2
13 14 14
22 2 63
22 0 63
5 8 11
17 21 12
19 22 46
20 23 20
22 2 68
15 19 4
18 20 58
10 14 56
17 20 49
5 8 6
3 9 42
9 14 17
14 18 13
8 12 48
10 12 53
2 5 55
20 1 49
14 17 18
6 9 64
22 0 69
9 11 54
6 8 17
7 9 36
14 16 41
16 19 25
1 5 46
6 8 22
2 5 54
11 13 10
10 12 50
8 10 11
4 8 36
22 2 8
0 4 16
9 14 34
9 11 7
13 16 54
15 18 43
13 17 48
15 16 3
8 10 43
16 18 23
14 17 69
4 6 16
11 14 3
4 7 66
11 13 56
7 10 53
9 14 24
9 12 51
15 17 64
12 15 16
13 16 2
13 15 29
15 18 45
22 2 13
5 9 37
11 14 64
14 18 7
1 3 26
7 11 38
20 22 16
8 11 59
10 14 44
9 12 27
1 6 57
14 17 4
0 3 8
8 9 10
7 10 35
0 3 36
15 18 22
9 12 52
19 23 26
9 14 65
5 8 33
6 7 20
13 18 57
10 14 42
1 4 24
8 14 9
7 11 41
5 8 18
8 12 64
21 0 64
5 9 34
4 7 4
9 12 20
17 20 70
2 7 31
20 21 16
20 22 61
6 10 45
16 19 37
11 14 64
18 21 21
12 16 27
5 7 69
9 12 27
6 8 29
23 4 41
22 0 1
0 3 12
16 20 19
5 7 49
9 14 28
21 0 37
7 10 53
20 21 29
13 16 17
15 18 40
10 14 60
5 6 24
8 12 18
8 12 2
11 16 62
7 10 20
17 19 60
22 2 8
20 23 66
10 14 7
10 14 43
13 15 45
13 17 38
8 12 13
6 9 34
3 6 3
16 20 43
20 23 4
1 3 10
1 4 12
14 17 68
1 6 63
4 7 8
2 5 3
0 3 68
20 23 46
15 18 25
16 19 2
3 7 5
13 17 32
3 6 29
16 20 36
12 15 21
15 19 11
14 16 37
16 21 45
5 6 70
3 8 48
13 17 47
18 20 44
18 19 17
4 8 64
17 20 49
20 22 23
19 23 35
7 10 19
2 7 38
5 9 24
9 11 66
23 1 53
11 13 27
4 7 39
6 9 16
18 22 2
22 0 46
7 10 3
8 11 66
20 0 54
5 9 32
20 1 9
21 23 29
17 19 15
21 1 36
4 8 61
3 7 47
20 22 28
13 15 67
8 12 65
19 22 49
21 23 2
2 7 18
7 11 5
8 10 57
9 12 12
23 2 19
20 23 10
21 1 4
21 23 69
8 12 35
20 0 69
23 1 47
7 12 9
14 16 65
6 10 69
3 4 10
21 1 62
0 4 48
3 7 6
15 18 4
12 15 50
21 0 8
2 4 67
13 14 7
15 17 58
16 20 39
10 12 15
2 3 26
23 2 2
17 20 55
1 5 5
16 19 32
3 7 46
3 5 24
4 7 37
13 16 67
4 6 70
0 3 28
18 21 40
7 9 2
13 14 35
10 13 19
15 18 49
9 11 9
4 7 26
15 19 6
3 6 26
9 12 70
1 4 54
18 22 13
16 19 61
19 22 66
10 14 15
3 7 24
13 15 6
10 13 21
19 22 3
10 15 60
6 10 9
2 5 49
12 14 47
5 7 10
15 19 59
8 9 68
20 23 30
0 4 21
14 17 60
16 19 54
5 8 35
3 8 2
23 2 52
15 18 22
2 5 64
5 8 61
11 14 22
10 13 66
16 20 53
10 13 62
21 1 49
7 11 56
0 2 44
9 12 39
8 12 37
7 10 11
21 23 19
8 11 6
3 7 28
21 22 59
15 19 55
17 21 50
13 17 9
17 20 18
12 16 67
10 13 56
12 13 46
13 15 16
16 18 38
13 16 45
1 3 8
19 21 56
10 14 58
10 12 2
16 19 55
12 17 6
7 11 33
15 18 61
19 22 36
11 15 6
9 11 54
13 15 20
18 22 27
2 4 14
1 3 50
15 18 57
11 15 3
10 13 57
3 6 33
7 10 23
20 0 19
4 7 47
13 15 10
16 17 32
0 3 52
8 11 8
17 18 62
6 8 57
17 21 49
2 4 35
6 9 47
6 9 70
9 12 24
13 16 23
17 19 31
5 8 18
12 14 66
15 18 35
3 6 7
16 18 17
17 20 62
18 20 65
23 0 20
18 21 12
10 13 38
20 22 33
6 10 67
13 16 46
1 4 20
14 18 56
6 9 43
5 8 6
18 21 6
7 10 35
5 8 1
13 17 29
4 6 1
1 5 29
22 0 3
23 2 32
12 16 48
22 0 45
17 19 25
7 9 61
4 8 19
17 20 63
7 12 56
13 14 58
0 5 26
19 22 26
13 16 24
2 6 4
5 6 56
15 19 43
18 20 59
21 0 47
23 0 58
9 11 27
5 7 24
9 12 39
5 9 19
7 9 4
9 11 37
14 17 25
15 18 1
7 9 70
4 7 57
16 18 2
2 6 62
14 18 8
20 0 16
18 21 47
13 16 8
11 15 16
11 14 42
18 21 70
4 7 34
15 18 43
13 16 31
18 21 35
14 16 30
20 22 49
1 4 26
12 16 70
14 19 3
15 19 6
8 12 18
21 23 19
3 5 39
18 21 36
6 9 12
5 9 3
12 16 12
2 4 70
23 1 5
16 18 18
17 21 18
14 18 26
15 18 57
7 10 67
7 10 23
1 4 42
1 3 6
19 21 69
6 8 69
0 3 28
19 23 51
23 3 28
11 14 34
7 7 7
22 3 37
6 11 53
6 9 3
18 21 29
15 17 21
3 8 29
7 9 23
1 4 39
20 23 40
7 12 11
15 18 31
3 5 17
9 14 48
4 8 34
10 13 55
18 20 43
3 4 46
17 20 13
8 10 32
11 15 44
3 8 60
7 11 7
1 5 49
2 4 9
17 20 7
8 10 63
21 23 17
10 14 55
20 0 33
15 18 65
16 20 41
9 13 16
1 3 40
19 23 70
9 13 20
5 8 57
16 17 35
1 5 65
14 15 37
2 5 38
13 15 47
9 10 15
22 1 38
2 6 51
23 0 44
22 1 7
21 1 8
11 13 22
14 17 14
2 6 27
22 2 53
3 5 19
3 7 3
14 16 62
13 17 2
8 12 22
14 17 31
20 1 40
12 14 12
0 2 26
7 10 34
11 12 5
17 19 34
15 19 34
16 19 22
2 4 10
11 12 36
4 7 22
3 5 68
16 19 6
8 12 45
13 13 62
12 14 25
18 21 35
5 9 29
3 7 64
10 13 14
17 20 26
16 20 3
4 7 18
15 17 57
1 2 43
6 9 11
3 6 51
8 11 20
7 10 46
8 12 52
21 21 68
13 16 12
2 6 47
20 22 51
8 11 37
21 22 59
1 4 70
0 2 13
20 0 30
14 17 9
20 1 23
10 13 34
4 5 38
16 19 19
3 7 57
9 9 1
21 1 53
0 4 67
22 1 12
2 5 8
2 4 32
17 21 10
1 4 57
7 10 66
5 7 54
19 23 42
17 19 17
1 4 59
11 16 14
6 11 39
23 2 49
6 10 70
2 6 31
18 21 22
5 7 24
17 19 14
20 0 44
9 12 16
22 1 52
8 11 11
11 13 59
6 8 48
17 21 3
6 10 67
19 22 39
13 17 57
10 13 68
19 23 57
18 20 56
9 11 9
12 16 43
9 13 57
23 2 58
22 1 68
13 17 2
23 2 66
15 18 38
9 12 39
8 10 69
18 23 36
10 14 38
20 23 29
5 9 29
5 9 41
15 19 33
12 16 23
3 8 44
23 1 55
12 16 36
15 20 68
5 8 35
2 5 30
21 1 20
9 13 7
9 12 46
22 1 64
14 18 50
10 13 52
13 16 11
1 6 45
18 21 27
5 8 48
9 11 1
18 22 31
14 17 22
12 14 19
23 5 34
19 22 64
20 0 23
22 3 63
17 20 23
2 5 49
15 17 6
10 14 16
21 0 37
15 16 40
11 14 26
0 3 39
22 0 15
9 13 8
21 1 29
16 18 20
18 20 60
7 9 48
0 3 14
23 1 6
14 16 1
1 5 34
2 6 38
4 7 23
7 9 15
5 9 21
18 21 61
5 7 45
14 16 12
1 4 56
5 8 1
22 2 16
15 18 3
1 4 68
0 4 14
11 14 52
23 1 66
14 16 68
9 12 68
9 11 19
7 10 24
10 13 1
14 16 28
13 17 69
5 9 58
2 5 5
2 4 45
23 5 1
13 15 33
12 16 37
2 4 7
9 12 25
14 18 31
22 0 52
22 0 16
23 0 1
2 5 36
10 12 12
22 2 5
4 8 11
16 18 46
23 4 40
17 20 59
20 0 30
16 18 55
11 14 47
3 6 61
1 5 51
15 19 46
2 6 53
7 10 56
11 13 69
20 1 60
4 7 32
12 15 64
7 12 41
14 19 30
9 12 49
10 13 2
1 3 56
18 21 23
15 18 9
20 0 22
15 18 44
18 22 4
17 18 1
13 16 27
18 23 23
14 17 21
16 18 8
4 6 49
1 5 39
22 3 56
19 22 33
7 9 40
18 20 19
3 6 41
10 10 13
12 14 10
10 14 69
17 22 28
17 20 31
22 0 44
15 20 23
12 15 18
3 7 21
16 18 66
23 2 42
7 9 55
12 17 63
12 16 39
17 21 5
1 2 30
6 10 38
1 4 62
6 10 19
20 23 13
1 5 16
5 7 11
1 4 26
20 0 67
2 3 16
22 1 69
20 22 1
10 12 70
4 7 68
23 5 42
15 19 17
3 7 18
12 15 44
18 22 44
5 8 48
20 21 58
5 7 23
1 6 6
15 18 45
20 23 1
3 5 51
22 1 8
9 13 1
17 20 14
23 1 50
12 16 56
1 5 68
19 22 25
14 17 23
20 23 42
18 21 60
7 11 6
10 14 41
8 10 33
0 2 26
19 23 66
16 18 15
7 11 62
23 2 27
21 1 7
12 16 66
23 2 11
4 7 8
5 8 54
16 18 62
8 11 22
1 5 25
11 14 22
22 1 10
1 5 45
18 20 69
16 19 6
2 4 55
8 11 33
19 21 48
1 3 29
22 1 19
4 7 24
2 6 17
0 3 56
6 10 8
4 7 12
19 22 47
6 9 23
14 18 16
19 21 63
6 9 61
11 15 15
23 0 25
8 12 34
14 19 15
3 6 57
14 18 26
0 3 17
18 20 32
3 5 18
6 8 46
1 5 40
1 4 53
21 23 56
7 9 66
7 10 32
17 21 68
5 8 20
3 6 44
9 12 24
10 13 16
23 2 63
6 8 58
7 11 38
2 4 45
22 1 42
21 22 19
16 19 38
10 13 47
20 22 62
23 5 14
5 8 40
20 0 5
7 11 53
11 15 24
8 12 55
13 15 58
21 0 22
3 8 36
18 21 27
15 19 48
6 9 62
21 22 39
19 22 2
16 18 18
17 22 26
2 5 56
4 7 51
13 15 27
18 20 29
13 17 19
13 16 8
22 2 39
0 5 17
5 10 49
23 2 50
21 1 29
1 4 18
10 14 43
15 19 45
22 1 38
8 11 48
7 11 20
20 0 53
17 21 39
8 9 43
21 1 11
23 3 64
14 16 52
12 17 19
7 10 24
10 13 28
19 22 42
19 21 49
3 6 11
8 12 32
9 11 65
5 10 14
1 4 40
4 7 43
8 11 7
13 15 30
12 14 66
20 22 44
21 22 39
3 8 28
17 21 39
16 20 67
0 6 49
14 19 35
21 0 45
19 22 69
21 23 10
9 12 49
5 9 63
21 23 53
15 19 15
7 10 28
21 0 51
23 3 24
8 12 70
13 16 61
8 11 19
23 1 3
18 22 56
15 18 31
18 21 68
21 0 21
10 13 9
12 15 22
23 2 3
23 0 48
10 14 14
3 5 55
11 13 55
17 20 68
10 14 25
17 19 19
16 17 54
21 21 14
5 8 60
20 21 68
5 8 27
17 19 7
5 8 48
7 10 61
16 18 23
1 6 42
9 13 10
9 11 70
1 4 33
17 18 42
0 3 24
14 17 55
20 0 58
0 3 5
4 6 47
1 3 7
21 22 4
14 17 49
3 8 64
1 4 2
3 9 7
17 20 24
4 7 19
19 22 17
21 1 17
3 6 59
4 8 27
1 4 58
19 23 24
21 23 64
13 16 55
8 11 6
10 14 31
3 8 24
21 1 59
22 0 65
1 6 11
1 5 50
18 21 4
23 3 62
19 22 56
11 14 4
0 3 9
1 4 6
3 8 22
10 12 49
18 21 5
7 11 25
11 14 32
2 4 49
22 1 6
19 21 22
19 21 59
16 19 61
11 13 35
17 19 41
21 0 15
6 7 56
12 16 30
14 16 55
20 23 58
15 19 68
7 10 54
12 16 20
20 22 61
11 16 46
10 13 34
17 21 48
10 13 60
12 15 18
17 20 4
18 22 11
23 3 24
16 19 2
1 5 59
3 7 6
13 16 60
11 14 14
13 16 11
8 12 25
4 7 3
23 0 34
5 9 68
12 14 27
10 13 54
23 3 42
12 15 25
16 18 23
15 21 64
20 23 31
13 17 6
16 17 27
21 22 55
12 15 10
1 4 54
5 8 6
5 7 46
9 12 28
1 6 36
1 4 58
11 14 55
2 3 28
20 23 53
17 19 53
19 21 2
22 1 44
1 6 41
19 22 53
9 12 18
20 21 15
14 18 1
6 9 59
8 11 31
19 23 7
2 5 39
12 16 48
4 7 6
19 21 66
10 13 14
9 11 14
21 0 12
8 12 64
6 10 59
5 9 55
9 14 27
16 17 46
15 17 15
4 7 6
11 14 46
7 10 5
23 3 6
20 23 12
2 3 10
9 12 34
14 16 55
3 5 53
18 21 58
4 7 57
1 4 42
6 11 15
14 19 54
4 8 15
1 3 38
16 19 61
9 10 55
9 11 55
0 3 48
17 20 28
11 14 49
6 10 62
7 9 33
12 16 46
14 19 68
23 2 36
17 20 12
3 5 67
19 23 57
12 14 66
18 20 48
15 18 57
17 20 43
15 17 46
11 14 49
16 20 20
19 22 8
8 10 17
16 19 16
1 5 18
1 4 17
18 22 40
5 8 32
9 12 51
16 17 13
13 16 52
11 14 58
20 23 60
3 7 7
12 16 31
6 7 28
8 11 13
1 4 54
20 22 33
14 18 54
7 11 2
5 8 66
1 4 44
5 10 48
16 21 58
21 23 7
20 23 31
7 9 39
1 5 1
3 6 39
9 12 61
6 8 59
2 5 30
1 3 55
11 15 57
2 5 58
0 4 28
8 11 43
17 19 29
23 2 12
10 14 57
12 16 19
1 5 33
6 8 38
20 0 22
14 17 25
7 11 53
19 21 53
4 8 34
19 22 28
21 1 49
13 16 3
6 9 26
22 0 56
19 23 15
8 12 15
5 8 7
16 18 7
18 21 69
8 11 36
5 7 37
5 7 5
12 16 25
4 6 68
14 19 33
10 12 28
20 22 10
0 4 9
15 18 39
9 13 39
6 9 41
1 3 4
16 20 31
8 9 63
17 18 26
11 13 65
16 20 14
22 2 30
6 10 42
0 3 22
5 8 16
8 11 13
11 15 15
7 10 2
20 22 43
7 9 59
22 0 18
6 9 59
7 11 34
1 4 35
13 17 56
2 5 18
4 8 19
20 23 56
0 2 30
18 20 31
23 2 49
18 21 4
8 10 67
7 12 69
8 11 59
4 9 55
5 6 70
13 17 16
3 6 17
2 5 33
3 6 47
11 14 66
0 2 64
6 9 7
15 17 27
1 3 47
14 15 70
14 16 67
0 3 69
20 23 50
18 20 25
10 11 62
22 2 67
14 17 24
21 1 66
3 7 57
22 1 68
18 21 9
6 11 35
13 16 56
1 3 20
15 18 15
4 8 10
4 6 22
15 17 50
21 23 15
12 14 60
7 11 20
2 7 21
17 21 70
12 14 51
3 7 65
6 9 5
21 1 47
23 1 39
15 20 40
12 15 45
22 1 40
13 14 29
18 21 3
0 3 22
3 5 14
17 19 31
15 19 33
12 14 25
19 21 64
0 3 38
12 13 48
18 22 37
4 8 49
16 19 65
10 12 32
2 6 10
20 22 29
22 0 53
16 20 1
19 0 42
0 4 57
12 14 16
16 21 56
2 6 44
19 22 70
8 10 11
9 13 31
22 0 45
10 12 54
9 12 65
8 12 13
19 22 30
14 17 67
0 2 37
8 10 64
7 11 20
6 8 63
5 8 51
18 21 3
9 12 33
20 22 9
0 1 28
22 2 30
0 2 27
8 10 7
12 14 58
6 9 34
8 12 36
11 15 10
20 22 55
9 13 33
21 0 64
17 21 39
10 14 49
14 16 3
9 11 35
17 19 64
4 7 15
5 7 1
23 0 59
16 18 25
4 6 32
9 12 6
19 22 39
8 11 22
16 18 14
13 17 12
3 6 67
23 1 25
19 22 38
0 5 15
7 11 45
0 3 59
23 3 20
8 12 3
22 1 45
4 6 1
19 23 54
11 13 22
10 12 39
11 14 42
22 1 40
7 9 54
5 9 50
21 0 60
11 14 59
10 14 69
18 19 17
8 12 11
21 0 18
4 8 50
17 21 40
5 7 43
20 22 30
11 12 68
19 21 41
1 5 37
17 19 55
20 23 48
1 5 65
7 11 5
23 0 61
16 20 43
5 7 66
0 3 51
19 21 29
8 12 14
21 23 38
5 8 31
20 23 59
23 2 67
10 12 57
17 18 12
11 14 41
20 23 64
6 9 58
11 14 54
19 23 9
0 3 18
2 5 53
11 14 55
1 4 1
4 5 53
9 12 25
5 10 58
17 20 56
15 19 35
7 9 3
5 7 11
2 4 65
14 18 29
8 13 46
5 8 50
22 2 34
14 17 60
21 22 34
7 11 70
14 17 18
4 5 7
10 13 51
1 3 28
19 22 69
3 7 39
7 12 58
11 15 48
12 15 20
12 15 50
22 2 63
13 18 6
7 9 7
21 22 1
20 23 36
15 18 27
15 18 66
13 16 44
4 8 53
23 3 25
7 10 36
23 1 28
10 11 34
19 1 30
6 8 21
4 6 41
4 8 11
9 11 25
0 3 61
6 7 3
1 5 67
9 11 28
21 23 22
3 7 26
19 22 46
18 20 27
11 14 15
20 23 51
4 7 3
11 16 19
11 14 19
18 21 33
17 20 20
19 23 65
7 9 55
3 6 27
12 15 12
16 18 24
3 6 39
23 2 70
9 14 42
0 3 43
11 13 43
1 6 47
2 5 24
13 16 56
0 5 11
9 12 49
6 8 31
11 12 23
16 20 55
21 0 41
5 9 49
18 0 46
6 7 9
17 20 60
15 20 10
17 20 3
0 0 52
23 2 60
1 5 25
7 11 38
23 3 1
17 20 19
5 9 11
19 22 48
15 18 45
12 13 62
6 11 55
1 2 2
12 15 42
1 4 27
3 6 10
17 20 18
6 10 3
7 10 25
4 7 42
22 0 37
7 10 20
16 20 31
11 14 16
1 5 28
6 9 21
20 23 13
4 7 65
18 20 53
3 6 41
11 12 17
17 17 33
22 1 1
6 9 33
22 0 34
12 14 61
7 10 61
15 17 70
16 19 39
6 10 1
9 12 58
2 5 1
14 16 42
21 0 62
6 10 30
14 16 60
16 20 38
13 14 5
11 14 36
12 15 29
4 6 47
20 23 1
6 9 2
14 18 5
14 18 26
14 16 56
17 21 68
15 18 56
6 8 1
3 6 13
3 5 30
4 6 28
3 7 20
18 21 27
13 16 45
23 1 30
21 22 47
18 22 18
13 16 13
16 19 19
20 23 17
13 14 6
14 17 62
4 8 10
4 7 50
12 14 22
22 3 23
5 7 19
5 9 55
21 23 65
7 11 23
4 9 8
17 19 20
21 23 22
16 19 16
8 11 15
20 23 39
15 18 39
9 12 8
9 12 21
22 1 68
0 3 51
2 5 2
7 10 24
3 5 65
4 7 62
8 12 12
18 23 15
2 7 38
4 5 47
9 12 31
14 16 27
15 18 20
5 8 4
14 16 52
6 8 54
7 10 66
7 10 28
23 2 7
2 8 48
0 3 20
22 2 59
12 16 9
19 21 49
7 11 54
10 11 26
13 15 69
5 8 26
13 17 45
10 12 41
18 21 54
6 9 37
4 7 53
6 8 63
7 10 10
20 0 47
17 21 44
8 11 44
6 9 17
11 14 55
15 18 56
10 15 45
4 8 1
7 11 1
3 6 43
2 6 5
13 15 14
17 19 9
17 19 4
17 19 45
5 7 59
21 22 18
3 6 70
21 3 16
12 14 37
23 1 69
4 6 70
12 15 20
22 2 38
10 14 70
16 20 67
17 19 43
22 1 67
18 21 17
23 4 48
5 6 66
2 4 55
4 6 44
12 15 41
12 14 16
13 17 44
18 20 61
22 1 10
1 5 30
12 15 62
15 19 7
12 14 23
0 5 14
18 23 14
19 20 5
22 2 51
5 9 46
10 13 38
0 2 69
21 0 46
19 22 19
8 12 65
5 9 11
0 2 14
20 21 47
5 9 1
15 19 49
14 16 22
3 4 26
4 8 21
21 0 49
9 11 70
4 7 20
17 20 41
13 14 30
16 19 38
21 0 67
