10000 40
11 1 17 26 36 29 38 9 17 28 22 17 40 25 35 28 11 7 16 35 20 29 5 39 27 30 32 9 8 19 1 14 40 32 35 29 20 17 8 38 
17 20 11
4 7 3
5 7 26
3 6 23
23 2 28
18 22 2
19 21 1
9 12 17
18 20 1
4 7 18
12 16 16
6 9 21
21 1 26
14 16 7
9 14 12
1 5 9
3 7 2
16 20 18
17 20 40
0 2 15
6 10 37
8 11 38
11 15 27
3 6 38
1 5 8
8 11 14
8 10 30
17 21 7
1 6 30
23 1 24
19 23 35
3 6 18
16 19 3
23 2 2
11 17 16
8 13 40
8 11 3
18 20 32
21 1 6
13 15 40
22 1 5
12 15 13
15 17 2
15 20 28
17 19 26
22 0 32
19 22 33
15 20 19
7 11 28
18 20 1
21 0 15
1 7 32
19 20 19
8 10 13
16 19 4
0 4 14
16 19 8
23 1 36
23 3 26
17 19 3
12 15 17
21 0 17
4 5 15
17 20 8
7 12 11
12 15 19
12 15 24
11 13 16
8 12 3
22 1 17
5 8 32
13 15 26
10 13 37
23 2 4
6 8 16
5 8 22
14 17 22
11 13 11
16 18 8
21 0 16
5 8 30
3 6 7
5 7 32
13 18 4
3 7 35
15 18 20
11 13 20
16 19 18
6 11 9
17 20 32
0 3 1
2 5 37
17 19 11
22 22 27
6 9 16
10 13 2
12 15 40
8 11 24
6 9 21
22 2 37
11 14 30
15 18 23
12 14 17
15 19 20
0 3 27
8 11 12
0 2 3
16 19 40
4 7 33
7 12 23
8 12 37
17 19 19
12 15 13
18 20 9
13 16 7
9 12 22
22 3 21
20 23 6
9 11 4
17 20 37
6 6 1
17 19 10
5 8 8
13 17 35
21 1 39
1 2 30
20 23 19
14 16 23
17 22 8
17 20 29
17 20 6
22 1 28
22 23 27
12 15 38
23 3 23
19 20 31
16 19 3
19 21 30
5 8 16
16 21 17
3 6 31
3 7 39
14 16 36
13 17 4
14 16 7
2 3 23
5 9 10
18 21 3
22 0 9
3 6 20
4 8 6
12 15 30
1 4 40
8 10 10
18 21 21
3 6 28
2 5 35
23 0 27
14 17 5
4 8 24
1 4 31
13 16 7
13 13 1
12 14 14
17 21 1
18 21 20
11 13 20
19 20 7
20 23 37
8 11 36
5 9 30
17 20 1
6 8 40
16 22 29
5 8 4
8 12 5
9 12 6
1 4 17
2 5 31
21 23 30
4 7 23
10 14 36
14 16 36
7 12 10
6 9 30
14 16 24
1 2 4
9 11 35
15 19 19
3 7 35
17 21 15
14 17 36
22 1 35
15 18 27
6 10 5
2 5 28
17 21 21
22 2 21
23 3 9
19 23 29
15 18 40
3 5 10
4 7 13
15 17 3
17 19 11
15 19 5
7 12 5
1 3 17
23 1 39
16 18 6
6 9 27
14 15 22
11 15 35
10 15 1
0 4 6
10 14 6
15 16 26
1 4 5
3 4 16
18 20 29
0 4 14
12 15 25
23 0 34
14 16 5
20 23 30
11 13 19
23 0 13
3 5 26
18 23 27
20 23 27
8 12 25
23 2 10
23 3 11
22 1 32
15 20 8
22 1 35
5 7 34
4 6 2
19 23 10
10 15 26
18 21 36
8 11 1
10 14 38
23 2 7
13 16 15
2 5 30
15 19 34
18 22 19
7 10 30
18 21 8
13 16 2
8 12 6
9 12 27
20 0 17
18 22 19
9 12 34
1 5 10
10 14 3
20 23 32
6 9 39
22 1 8
13 15 18
13 17 19
20 23 20
7 9 7
19 23 16
2 5 5
5 10 34
7 10 17
18 21 7
21 23 33
15 17 15
14 17 12
3 8 28
16 19 18
15 18 14
9 13 5
13 17 6
20 22 15
19 22 4
15 19 20
5 8 34
9 12 29
0 4 15
9 13 3
7 11 9
15 18 30
1 4 7
19 22 16
19 22 25
16 18 36
1 6 1
21 0 32
20 23 37
13 17 15
14 17 26
12 16 12
5 7 29
11 13 17
23 3 2
12 15 17
19 22 30
8 12 37
15 19 2
21 1 17
1 5 39
4 5 15
3 5 5
21 23 29
19 22 14
6 11 32
7 10 29
19 21 22
12 14 31
13 16 22
8 10 24
11 13 28
9 11 3
1 4 18
1 5 34
0 3 31
2 7 36
11 14 13
22 0 2
17 21 25
5 7 28
16 19 12
22 0 16
16 18 22
6 9 40
8 13 28
6 10 4
3 7 11
23 3 9
1 5 3
10 14 24
22 23 32
14 16 9
9 13 12
4 9 19
19 1 34
14 18 7
19 23 17
11 14 22
5 8 36
9 12 5
4 6 25
17 19 34
22 1 37
17 22 30
9 12 8
5 8 36
21 23 7
6 9 4
17 22 35
9 13 2
13 16 25
7 9 23
3 7 26
8 11 10
19 22 24
14 16 23
15 18 23
6 9 30
3 7 38
5 7 8
19 23 39
3 5 13
20 22 19
11 13 37
1 6 7
17 20 3
7 11 4
22 2 39
11 15 5
22 0 28
18 22 23
12 15 20
13 15 13
11 12 2
10 14 29
15 19 39
4 5 37
10 13 21
1 4 32
4 7 29
12 15 32
10 14 37
12 15 39
4 7 3
21 23 14
7 9 20
4 8 24
18 20 26
13 16 2
14 19 23
8 12 29
17 22 30
15 20 13
12 15 10
8 11 4
18 21 12
5 9 38
16 19 15
11 14 29
0 3 19
13 16 28
23 2 18
0 5 19
23 2 40
1 5 26
19 22 10
17 20 14
11 14 29
16 19 36
3 5 7
19 22 34
23 4 28
1 4 35
21 0 6
12 14 24
2 3 27
18 22 20
7 11 23
18 21 11
11 13 15
18 23 20
7 12 20
6 11 26
0 4 20
21 1 6
20 1 23
19 23 35
2 7 36
19 21 36
12 16 1
17 21 1
10 14 12
1 6 18
16 20 40
12 15 16
8 11 8
5 8 30
22 1 11
13 16 1
12 13 8
7 10 25
10 13 23
7 11 18
0 3 27
1 4 23
23 2 10
1 3 21
9 13 38
23 1 27
2 4 7
6 9 35
7 11 30
4 7 13
15 19 28
7 10 23
20 22 3
13 16 19
6 8 15
2 6 6
9 12 29
17 18 28
6 9 6
10 14 31
18 22 21
10 12 22
6 9 31
6 8 28
9 13 33
10 13 13
8 11 8
17 21 4
9 12 29
1 2 18
7 11 19
22 0 7
9 13 14
4 8 20
12 16 25
20 23 20
18 21 15
12 15 26
19 20 20
17 21 17
23 2 1
23 2 17
14 18 39
16 18 9
21 22 8
8 11 7
2 4 12
9 11 28
14 17 21
11 12 19
5 9 27
19 21 14
7 11 11
21 0 24
18 21 17
16 20 13
10 13 34
18 22 38
11 14 23
6 8 28
6 9 15
2 6 16
9 12 19
20 0 21
10 15 8
23 3 40
23 2 39
12 15 28
22 1 25
15 19 19
16 19 26
16 17 31
9 13 25
4 8 21
16 18 33
3 8 37
15 18 2
15 19 33
17 19 25
8 11 40
0 3 29
20 23 8
14 16 24
20 22 3
13 18 31
10 15 23
23 1 29
11 13 17
10 13 8
3 4 8
23 1 27
8 10 9
14 19 40
5 7 36
21 22 4
19 22 26
2 4 15
12 15 15
13 16 22
8 11 8
3 8 16
8 11 7
23 3 32
13 14 7
13 15 34
13 17 37
20 23 22
21 23 4
22 2 13
13 16 2
6 9 24
1 5 30
8 12 1
21 21 3
14 18 15
9 14 5
4 8 12
7 10 12
14 17 25
7 9 36
8 10 22
20 21 31
22 0 24
16 18 26
15 19 27
9 13 12
12 14 16
10 13 25
16 20 10
8 9 22
18 21 15
10 14 26
12 17 3
0 3 21
11 15 35
12 15 5
6 9 23
18 20 17
9 11 20
9 13 30
20 23 7
12 15 9
8 9 28
4 7 40
13 16 28
3 7 24
15 19 18
13 17 13
1 4 40
21 23 4
13 14 34
15 17 13
1 5 26
8 9 23
15 20 24
12 16 9
19 22 6
7 11 3
6 7 6
11 15 40
13 16 38
7 10 12
9 12 4
11 15 7
6 9 30
23 2 28
12 16 6
15 18 18
18 21 1
18 19 35
12 16 15
17 19 1
9 12 24
18 22 11
9 12 15
14 16 7
8 12 39
5 7 25
14 17 30
17 20 12
0 3 12
3 5 10
20 22 9
21 0 26
16 18 4
21 0 10
1 4 15
21 0 12
10 13 1
22 2 13
23 2 32
9 12 4
19 21 6
9 11 31
17 20 36
15 16 1
21 22 2
18 20 16
8 11 7
6 9 20
13 17 27
4 6 8
16 19 40
14 17 27
3 6 28
10 13 6
20 23 21
12 15 25
9 13 37
19 22 19
13 15 6
17 21 22
14 19 19
7 11 13
8 10 22
2 5 15
16 17 26
9 11 35
0 2 32
13 15 24
7 10 26
7 8 27
12 15 40
14 17 2
13 16 33
18 20 40
8 11 28
18 22 17
9 12 5
6 9 25
21 0 11
11 15 13
12 15 29
8 13 36
16 20 15
7 9 2
15 18 29
23 2 21
21 23 16
16 18 26
19 0 24
23 2 24
6 8 33
13 17 25
2 4 7
9 14 25
22 22 14
15 17 25
22 2 20
2 6 9
8 12 40
23 3 3
22 0 9
4 8 8
18 21 21
19 21 39
10 11 23
2 5 19
15 17 24
19 23 21
15 17 28
21 1 7
20 0 35
9 12 2
12 15 32
3 6 39
16 18 3
10 12 33
10 12 18
6 9 6
21 2 21
5 9 32
12 15 15
22 0 28
9 10 12
9 13 13
10 14 26
21 0 16
9 11 2
18 22 29
15 18 27
20 0 40
11 13 11
20 0 38
17 21 38
3 5 40
20 23 20
20 22 9
21 0 1
4 6 20
7 10 27
16 20 11
18 21 25
9 12 11
22 2 37
10 12 37
1 2 5
9 11 11
22 2 28
6 9 27
12 16 26
13 16 16
20 23 18
13 16 36
14 16 29
7 11 3
17 20 5
23 3 27
10 14 10
6 9 37
1 6 12
16 20 27
15 18 27
23 2 40
14 16 13
16 18 8
3 5 15
21 1 31
19 23 12
23 3 32
20 22 5
0 5 6
8 12 37
15 19 20
0 1 23
12 15 5
13 17 23
23 0 8
8 10 18
23 3 32
0 4 6
1 3 4
13 15 14
5 8 13
12 14 18
18 20 3
17 21 40
11 14 30
9 14 15
15 16 39
10 12 7
16 18 5
9 12 1
17 19 8
2 5 38
21 22 7
21 23 28
2 6 31
7 9 5
1 4 26
0 4 15
22 0 6
11 13 25
1 3 34
12 14 34
12 14 16
10 13 19
4 7 17
17 20 12
0 4 20
8 10 8
16 21 38
7 10 39
12 16 22
0 4 37
21 0 32
4 8 9
20 23 11
14 15 21
11 15 9
23 2 13
7 9 38
13 15 33
8 12 11
21 0 18
1 4 40
14 18 20
4 6 27
5 7 22
19 21 32
13 16 4
12 16 9
0 4 40
1 4 7
3 5 15
9 10 11
15 18 15
21 1 4
23 1 26
4 7 14
22 2 6
18 21 3
9 10 15
0 4 15
16 19 8
1 3 20
20 0 12
2 5 25
3 5 16
23 2 27
14 19 22
22 0 21
19 21 5
9 13 30
7 10 14
12 15 9
14 15 6
16 20 35
19 23 10
2 7 21
17 20 24
22 0 39
15 18 31
13 16 29
6 8 35
20 22 34
12 16 8
14 16 10
8 10 4
23 2 22
1 4 9
0 2 38
16 18 16
22 0 17
21 0 27
8 10 17
9 12 8
20 23 37
23 3 34
14 17 7
9 12 29
22 1 38
22 0 22
2 5 17
15 18 30
21 1 25
4 7 28
20 20 15
14 17 22
8 11 20
9 11 11
15 17 28
2 3 6
13 15 1
22 0 17
11 14 9
16 17 14
4 5 8
8 11 37
19 21 6
21 3 38
7 9 39
15 18 7
17 20 7
0 3 22
16 21 7
4 7 13
13 15 38
15 19 14
14 16 23
10 13 3
20 22 11
20 22 2
20 1 25
6 10 10
10 15 39
4 7 35
5 9 2
7 12 38
8 12 37
4 6 12
10 13 27
16 20 36
3 7 18
15 18 37
16 21 29
23 3 16
8 11 1
9 11 14
14 18 2
12 17 38
20 22 31
13 16 32
9 11 14
11 13 17
5 8 8
18 21 19
6 10 10
5 10 22
17 20 12
4 8 10
5 8 20
2 5 17
9 12 1
0 3 27
3 7 19
11 14 38
17 19 38
23 3 8
17 21 6
16 21 10
0 3 5
15 17 21
13 16 34
23 2 4
14 18 39
14 18 26
12 15 24
10 13 17
17 19 2
16 19 22
13 16 21
1 2 3
5 8 2
8 12 6
4 10 8
17 20 21
10 13 36
3 6 11
17 20 39
0 2 39
18 19 1
23 2 19
17 22 21
1 4 9
0 2 39
22 3 26
17 20 14
13 16 9
0 3 26
21 0 29
15 18 27
0 3 27
11 12 22
20 23 2
11 13 6
7 11 22
1 4 14
8 11 39
21 1 17
21 0 4
0 4 38
16 19 13
5 9 17
7 10 31
23 2 7
17 21 37
7 9 20
6 10 32
3 7 17
21 23 26
0 2 19
16 19 1
18 21 8
8 11 33
22 1 6
6 10 9
2 3 24
2 4 23
0 2 1
10 13 9
7 9 20
11 15 5
16 18 2
15 16 33
1 2 18
13 15 29
18 21 32
16 21 21
16 21 6
8 11 3
5 8 5
10 13 32
10 12 2
4 7 29
22 23 24
10 14 3
7 10 38
9 11 7
20 23 19
10 11 14
1 4 20
20 22 17
19 23 29
10 15 28
5 6 7
7 9 15
18 21 4
12 16 27
4 8 38
8 10 23
15 18 18
17 21 23
18 20 6
3 7 21
3 5 11
0 3 25
20 23 20
0 4 3
2 6 35
13 16 28
4 5 23
21 23 25
16 18 8
22 0 10
11 13 23
18 21 39
6 7 2
14 18 34
13 18 11
18 23 35
12 15 12
6 9 39
21 0 19
6 7 8
17 19 4
4 7 12
15 19 38
12 15 15
4 7 38
23 3 12
14 17 19
9 12 20
1 4 4
7 10 4
11 15 20
20 22 4
8 10 22
20 0 4
6 7 10
9 10 28
12 15 30
17 21 24
22 2 25
21 1 8
12 16 35
22 2 18
22 0 20
15 18 19
0 1 32
8 11 15
8 10 36
5 10 14
9 11 10
21 1 1
21 0 22
22 0 5
17 21 35
11 14 4
1 3 32
10 14 17
11 13 30
10 13 40
17 19 24
1 5 21
14 16 35
7 10 36
10 14 25
12 17 9
20 23 32
15 18 7
8 9 35
9 13 34
5 8 4
3 5 6
5 6 40
23 2 36
20 0 31
3 5 28
23 2 17
20 23 21
13 18 8
9 14 21
2 5 39
18 20 37
10 13 10
15 16 5
5 8 29
0 0 34
8 11 26
21 22 3
13 17 15
23 3 26
6 9 29
22 2 10
19 22 19
8 11 8
18 21 19
16 19 15
5 6 27
8 12 25
7 9 11
18 20 5
13 16 34
12 16 13
11 15 9
9 12 11
4 7 36
8 10 20
18 21 36
16 18 19
12 14 7
0 2 27
12 16 13
9 12 26
7 9 37
3 7 33
16 21 26
20 0 28
0 3 9
15 18 19
15 18 35
3 5 1
2 5 9
10 14 16
16 20 16
1 3 21
2 6 31
4 6 40
21 22 11
2 4 1
2 4 12
21 23 34
21 23 15
21 0 33
22 1 27
11 13 36
10 13 17
15 19 15
8 12 5
22 2 32
13 16 33
2 4 1
21 0 5
12 15 32
19 22 23
12 15 11
5 8 22
21 1 6
1 4 10
0 2 2
20 0 36
16 20 38
19 21 5
0 4 38
3 5 21
3 6 5
18 22 38
21 1 35
22 1 28
3 4 15
20 22 19
22 23 18
18 20 40
15 18 26
4 5 6
2 6 37
13 16 35
19 23 18
17 21 5
4 6 25
5 6 22
15 17 20
18 21 39
1 5 15
15 16 32
3 7 20
12 15 37
2 6 7
4 8 19
17 21 6
4 6 30
21 0 19
3 7 12
12 14 33
3 7 1
17 20 26
18 22 21
21 0 25
19 22 5
22 0 12
8 9 14
6 9 34
0 3 28
3 6 40
0 3 25
10 12 23
8 10 22
6 9 38
17 19 23
19 22 26
23 3 31
13 14 24
2 5 28
2 3 31
1 4 38
13 15 29
6 9 16
3 5 34
5 8 3
6 9 25
14 17 16
11 14 3
23 2 27
10 13 24
8 11 38
17 19 11
4 5 36
7 9 39
13 14 5
8 11 16
20 23 8
0 3 38
2 7 40
23 3 39
11 13 26
6 8 17
3 7 40
10 11 38
11 13 3
7 11 21
10 14 30
0 3 12
3 5 5
13 17 4
17 21 23
22 1 3
19 22 8
10 13 26
20 0 10
19 23 10
3 8 32
20 22 2
7 10 15
21 23 2
12 17 25
8 10 10
10 12 20
22 2 19
9 13 12
12 15 17
23 2 2
18 20 36
18 0 24
13 14 39
1 3 2
12 14 26
14 17 3
17 19 11
6 10 6
0 2 37
19 0 22
19 23 2
23 3 29
6 9 16
15 18 8
5 6 3
11 14 35
13 16 16
17 20 25
0 4 12
12 14 20
7 10 8
19 0 31
11 15 13
5 8 8
20 21 35
19 22 35
9 12 3
6 10 22
23 2 37
0 4 5
3 6 10
14 17 3
2 5 40
7 11 4
0 2 4
16 18 11
7 9 34
1 3 25
7 9 26
3 6 22
7 9 38
6 11 34
19 23 9
1 4 23
8 11 23
0 2 1
0 3 34
0 3 22
2 5 35
10 12 23
10 14 12
20 0 31
4 3 28
21 23 10
3 6 17
8 10 20
0 3 33
12 14 32
10 12 39
16 16 20
12 16 39
4 7 35
9 13 28
14 17 7
8 11 21
3 6 10
18 21 15
19 22 15
9 13 10
9 11 25
2 7 21
10 11 29
22 0 30
5 8 3
7 9 28
20 0 26
11 13 14
9 12 34
16 20 18
20 23 36
21 23 25
6 7 11
16 20 7
9 11 36
12 15 7
1 2 20
9 11 8
14 17 6
12 14 33
14 18 15
13 17 18
16 18 24
11 13 10
23 2 35
0 4 3
15 17 22
10 14 35
23 2 26
2 3 6
1 5 28
11 14 11
10 12 12
9 12 18
17 20 15
23 2 5
0 5 3
22 1 4
12 15 25
1 4 28
18 22 25
5 7 15
22 1 27
11 14 30
11 15 38
14 16 29
10 12 29
2 5 13
10 13 14
21 23 10
19 22 31
5 8 26
8 12 11
14 16 9
8 11 24
13 15 4
22 1 5
17 19 39
6 8 22
14 16 14
23 2 5
10 15 37
20 0 5
8 10 2
7 10 37
15 17 32
8 12 17
7 10 37
20 0 13
3 7 39
23 3 26
1 3 6
21 0 26
2 3 23
22 0 40
20 23 3
1 4 27
7 10 19
20 0 33
5 7 31
17 19 28
8 11 11
4 6 27
19 22 26
18 23 6
3 5 35
4 6 1
21 21 28
9 13 25
20 23 9
10 13 18
11 15 22
21 0 3
15 19 31
11 13 16
13 16 16
15 18 37
13 15 1
1 3 14
15 20 22
23 3 11
16 18 3
11 14 34
19 22 38
5 9 19
18 19 10
8 11 13
0 4 33
13 17 15
8 11 25
6 8 38
5 7 8
12 14 13
17 20 30
18 22 13
12 14 12
23 2 32
19 22 5
11 14 19
5 8 2
17 19 7
17 18 28
0 4 18
23 3 19
8 11 19
21 23 24
4 7 9
0 4 14
2 5 31
20 0 19
23 2 39
7 11 34
3 6 13
15 18 3
3 6 15
9 11 32
20 22 31
6 10 5
8 14 28
23 2 20
18 22 6
12 16 10
4 4 17
14 15 31
4 6 28
12 16 30
2 6 33
17 20 11
23 2 17
0 2 39
20 22 16
1 6 32
0 2 8
11 14 28
3 6 28
4 6 7
0 3 5
21 1 18
0 5 22
11 15 34
15 17 31
20 21 17
4 8 4
13 16 18
13 17 2
4 7 9
23 4 21
15 19 32
6 9 32
1 5 37
6 7 16
10 14 34
3 5 9
23 0 28
7 8 13
18 20 7
2 5 29
4 7 2
11 16 30
11 14 13
13 15 20
2 7 10
0 4 21
7 9 3
3 7 11
9 12 18
18 21 15
10 13 26
0 4 22
14 15 16
8 11 31
13 15 34
15 17 27
21 1 19
4 6 31
9 12 12
3 5 26
17 18 36
9 12 21
20 22 34
3 6 21
21 0 8
21 0 23
19 0 9
16 19 15
8 11 16
1 2 27
23 3 26
1 5 4
1 3 25
15 17 3
3 5 1
16 21 3
17 21 18
10 14 23
16 19 13
5 8 22
5 8 16
1 6 17
11 15 9
21 22 26
8 10 26
19 22 34
8 11 31
11 15 4
7 10 27
4 9 13
16 20 15
5 7 39
23 0 24
11 14 34
20 21 7
5 9 31
11 13 12
20 21 22
19 21 2
22 1 37
10 12 18
11 14 40
15 17 27
15 18 32
4 7 26
11 13 10
12 15 6
13 15 7
14 18 23
17 21 19
9 12 34
2 5 27
8 11 32
15 17 7
14 19 32
10 9 5
7 12 38
10 14 13
4 7 23
15 17 34
14 18 9
4 6 24
14 18 5
7 9 13
22 3 12
9 13 27
16 21 9
18 22 40
7 10 13
21 23 31
3 6 19
15 18 26
15 18 36
23 1 20
22 2 18
13 16 3
10 13 4
0 2 30
11 16 37
4 6 29
0 3 2
2 5 35
4 7 36
22 0 25
18 21 35
0 1 10
11 14 7
18 19 14
12 14 27
1 4 19
23 1 21
0 3 13
0 4 24
13 14 27
2 4 17
22 2 7
9 12 7
18 22 31
23 2 27
11 15 12
13 15 27
23 4 34
15 20 37
21 2 4
16 19 28
13 16 38
9 11 10
7 10 31
13 15 17
6 11 13
13 16 35
4 5 28
4 8 40
14 18 8
8 13 27
5 8 20
15 19 32
15 18 29
2 7 8
6 7 22
3 7 22
2 4 8
21 23 1
16 18 14
15 18 12
15 18 14
15 17 7
19 21 25
17 20 37
16 18 6
22 1 3
9 13 16
19 23 27
15 20 10
13 17 9
0 2 13
0 4 19
17 21 26
15 20 34
15 19 7
3 9 27
22 3 1
0 4 21
14 16 27
4 7 9
2 4 39
3 5 18
0 2 14
0 2 7
0 2 19
8 13 12
6 9 18
19 23 11
8 11 35
19 22 32
2 5 4
23 3 1
10 12 13
9 12 36
11 14 13
22 0 16
20 0 20
6 9 39
16 19 19
0 3 22
7 11 15
3 6 35
23 2 30
22 1 14
19 21 28
9 13 39
1 4 36
17 21 10
17 19 5
20 23 15
4 7 39
21 2 26
2 4 15
15 17 33
17 21 14
13 17 19
14 17 11
17 20 8
6 11 5
13 15 2
15 18 38
12 15 7
8 10 27
3 7 33
8 10 25
5 8 24
19 21 32
16 20 37
18 20 32
2 5 15
11 15 37
8 14 8
21 0 28
20 0 13
9 11 20
7 11 20
15 19 32
20 23 5
3 6 4
5 8 8
7 10 16
23 4 7
2 3 23
12 17 38
9 12 22
19 22 34
19 20 1
7 9 34
1 4 23
9 15 11
10 11 19
2 5 9
10 14 27
16 18 28
8 11 30
15 17 23
7 10 30
22 2 14
21 0 18
4 7 21
22 2 1
23 3 20
14 18 12
10 12 4
10 13 37
2 5 20
0 5 33
2 6 40
17 19 21
17 19 14
0 2 25
11 15 23
0 5 32
4 8 30
22 1 31
12 14 11
16 20 12
8 13 3
23 0 3
19 23 13
13 15 40
19 21 14
5 10 11
20 0 8
16 18 32
16 20 15
19 22 36
10 14 24
0 2 38
14 16 29
19 22 27
16 19 4
19 0 15
18 22 20
5 7 38
17 20 37
8 12 16
7 9 30
8 10 2
14 17 14
4 7 5
3 6 11
10 13 40
5 7 14
15 20 8
11 14 1
0 2 15
11 14 32
9 13 1
18 20 2
10 12 13
16 19 17
15 19 11
6 8 24
5 8 24
14 17 10
4 8 8
16 20 8
17 20 20
17 20 15
18 22 7
12 16 24
3 5 21
6 8 31
16 19 38
17 20 39
17 20 17
16 19 15
15 19 7
19 23 1
7 10 15
1 3 35
7 11 18
18 21 23
7 10 9
13 16 18
12 18 4
18 20 18
8 11 36
3 6 7
4 8 11
22 3 25
8 12 1
5 9 27
13 16 10
10 12 39
13 17 39
15 18 1
11 13 22
22 2 15
16 20 12
19 22 26
2 6 8
5 7 28
14 16 38
14 17 26
11 14 9
15 18 9
11 15 5
13 17 24
7 10 37
13 16 1
16 19 25
14 16 20
19 22 31
12 16 7
2 5 40
19 23 31
21 0 6
4 7 9
18 21 18
18 20 2
4 7 38
11 12 28
7 9 10
14 17 11
12 15 4
6 9 10
17 20 26
3 5 21
3 8 10
18 21 28
8 10 12
3 8 7
12 13 40
11 14 6
3 6 35
16 19 24
3 7 8
22 1 7
15 20 1
15 18 13
4 8 7
1 4 5
1 6 16
7 9 6
19 22 8
13 16 8
3 5 35
14 18 37
16 19 30
23 1 32
15 19 14
18 19 19
22 2 28
14 18 36
5 7 13
23 3 3
15 18 34
3 8 17
1 5 2
2 5 33
10 11 28
9 11 35
2 4 7
21 0 8
5 9 27
8 11 33
3 8 40
23 2 23
20 23 34
4 6 40
8 13 36
4 8 12
5 8 30
16 19 17
4 5 24
4 7 25
0 2 37
22 2 35
22 1 30
10 14 1
10 12 34
6 9 11
3 7 7
5 9 22
7 7 23
3 6 7
21 0 21
8 10 3
13 18 30
1 5 17
21 2 6
12 16 3
5 9 15
23 3 38
13 16 20
8 11 22
0 4 35
6 8 24
18 23 36
9 10 23
11 14 36
8 12 24
11 14 29
22 0 22
11 14 37
11 14 11
4 7 26
12 16 36
18 20 18
0 5 4
23 1 22
4 7 39
10 12 12
2 4 40
12 15 14
12 14 20
13 17 34
14 18 13
21 23 6
8 13 34
23 2 13
3 7 28
10 12 5
5 9 8
9 13 3
10 13 4
14 18 21
18 19 5
3 7 21
19 21 5
22 1 12
9 11 4
14 19 1
23 2 1
7 11 22
16 19 9
4 5 25
19 22 3
13 16 18
5 7 37
2 3 30
10 13 28
4 7 30
16 19 38
20 23 30
13 15 23
8 13 10
20 23 38
15 18 25
22 0 24
14 18 14
8 13 23
0 3 27
19 21 31
20 0 39
10 15 32
16 21 3
7 11 13
1 4 6
4 5 12
13 16 5
22 3 14
23 2 12
5 7 18
3 7 2
16 19 14
6 8 15
21 0 11
9 11 4
23 0 17
22 3 34
18 20 32
3 6 12
16 18 24
6 9 23
23 2 25
12 12 17
21 1 19
2 4 22
4 7 1
3 6 17
3 4 14
21 0 40
7 9 12
12 15 16
1 4 30
1 4 17
5 7 1
15 16 15
21 22 17
16 18 14
2 5 30
17 20 38
2 5 39
3 8 38
21 0 29
11 15 3
18 21 18
4 8 38
13 15 11
20 23 1
19 22 24
23 4 21
0 3 17
6 8 9
11 15 40
11 13 2
21 0 15
2 3 40
17 21 40
4 6 22
13 15 19
3 6 33
0 4 13
6 11 8
10 13 15
22 3 30
14 17 40
14 18 27
5 6 6
14 16 26
1 4 21
10 12 12
4 8 38
16 19 31
17 20 6
5 9 13
23 3 9
13 16 14
12 14 26
0 1 32
5 7 4
8 11 34
16 19 38
21 0 10
4 7 16
18 21 12
2 5 2
14 18 28
19 23 1
17 19 12
0 3 16
8 9 19
6 9 34
0 2 13
7 12 33
13 16 29
19 22 14
0 4 10
10 14 39
21 23 2
9 12 27
1 3 33
19 22 32
7 11 28
7 9 27
14 17 29
2 5 15
22 2 5
7 9 7
16 20 4
13 16 40
5 7 23
11 13 8
19 22 37
15 18 18
13 14 16
16 19 27
20 23 40
7 11 15
15 16 6
23 1 18
10 13 12
9 13 22
11 14 33
8 12 32
6 10 4
18 20 10
9 13 25
19 0 31
13 15 31
2 4 22
7 11 18
23 3 9
10 11 37
6 9 2
17 21 40
14 15 26
17 19 23
1 4 8
4 6 8
6 9 13
13 15 31
7 10 25
16 18 8
14 17 26
5 7 21
13 16 17
17 20 15
22 0 40
9 12 19
20 23 30
0 3 12
0 4 1
19 23 8
5 8 23
7 11 26
16 19 12
17 21 9
3 6 26
22 3 29
15 17 19
7 11 27
12 15 32
23 2 14
7 9 23
17 21 13
16 19 30
7 10 32
12 14 17
15 19 21
3 7 21
13 14 13
11 13 31
19 21 23
10 13 12
4 9 5
21 0 26
19 23 24
0 4 24
22 1 20
1 6 12
0 5 35
8 9 15
4 8 6
9 11 17
1 4 14
20 22 13
21 0 18
17 19 12
1 5 35
16 20 39
22 1 34
3 5 39
12 14 10
6 9 34
13 15 19
13 14 10
5 7 7
21 1 11
4 7 2
17 20 26
8 13 7
16 17 1
16 19 24
2 5 23
19 0 31
21 1 37
0 3 1
16 20 3
20 0 30
10 14 20
4 8 22
5 7 15
18 21 19
4 6 16
5 8 22
14 17 31
19 21 15
15 18 40
17 22 14
0 3 39
13 15 31
18 21 14
17 21 36
15 18 2
18 21 4
19 22 3
5 10 31
11 13 16
9 12 32
23 3 23
15 18 30
19 21 12
4 7 40
21 23 4
20 23 12
14 17 29
6 9 3
19 22 34
14 17 21
11 14 2
20 22 8
1 6 7
9 13 25
6 10 27
21 0 9
18 20 15
20 21 28
7 10 1
2 5 33
19 23 33
22 0 37
23 1 8
22 1 2
19 23 31
4 7 4
8 9 34
20 23 18
8 11 14
19 0 28
19 23 17
23 5 14
7 11 35
6 8 21
4 9 33
12 18 38
18 22 40
12 15 36
8 10 2
19 23 30
11 13 1
21 0 26
11 15 31
6 9 15
19 23 16
16 19 36
0 3 10
1 4 38
11 15 7
1 4 33
0 3 38
14 17 32
20 22 20
18 20 4
12 15 22
13 16 16
11 14 31
4 8 13
10 13 38
6 8 1
10 13 10
8 13 23
2 4 36
18 21 8
2 5 18
14 18 22
8 10 22
16 20 32
2 4 21
23 3 34
4 7 18
2 5 18
16 19 14
12 16 21
20 22 11
18 22 17
10 13 20
0 3 15
10 14 36
20 20 36
4 6 32
9 12 9
16 19 10
14 17 36
10 13 40
10 14 34
1 3 28
8 10 14
13 15 15
14 17 40
0 4 12
9 12 22
5 6 15
8 11 24
9 12 26
9 12 35
2 6 9
4 6 22
3 6 28
11 14 13
18 21 9
20 23 26
5 7 19
19 23 37
16 18 40
0 3 4
11 14 35
8 11 15
19 21 4
20 22 32
1 5 14
0 4 25
5 10 24
14 16 27
18 21 16
9 11 13
4 7 1
12 15 3
19 23 30
21 2 21
12 13 25
21 0 10
4 8 23
4 7 24
23 1 25
12 16 29
5 8 5
15 16 2
18 21 37
6 9 9
8 12 22
17 19 39
19 21 34
20 0 29
5 7 28
3 5 38
12 15 5
5 8 6
15 16 39
20 1 15
3 6 22
22 2 33
2 5 39
13 16 22
16 20 15
13 16 25
10 13 7
8 10 32
14 16 25
5 8 9
13 19 1
14 15 15
5 8 5
11 14 14
20 21 34
4 9 19
6 9 9
0 3 2
23 2 24
23 1 35
20 22 34
21 0 17
18 22 9
18 21 40
17 21 11
1 4 3
0 3 19
15 18 15
19 20 18
2 5 28
10 13 20
22 0 30
17 21 37
15 16 2
17 21 20
9 12 8
11 13 40
1 4 21
13 15 23
14 17 21
15 18 32
16 18 29
8 12 3
1 4 1
23 2 17
21 0 29
2 6 15
1 4 24
22 0 19
20 22 13
6 9 16
23 2 12
0 4 15
4 7 26
10 13 34
8 11 19
0 3 19
19 21 14
6 7 1
1 4 34
1 4 20
20 23 8
15 20 7
18 20 15
21 0 4
23 2 5
10 13 14
11 15 2
18 22 36
3 6 25
7 11 11
12 15 15
1 7 38
18 21 13
2 5 2
1 5 39
3 7 34
10 13 32
23 3 40
20 23 40
5 9 20
17 20 25
1 4 4
23 2 28
21 23 37
13 17 33
16 19 21
21 23 38
14 15 12
15 18 20
10 14 39
5 7 15
13 17 39
14 17 40
20 1 23
22 1 32
0 1 3
17 20 36
3 6 23
13 16 16
7 10 36
20 23 21
5 8 7
7 9 35
14 18 8
23 1 3
0 2 32
18 20 3
20 23 34
18 20 40
22 0 2
11 15 18
4 6 27
10 14 17
17 20 5
20 22 27
6 8 3
3 7 40
23 3 29
23 2 12
4 6 28
15 18 21
11 12 34
1 3 27
8 10 23
14 16 40
21 1 24
17 19 39
21 1 10
23 3 27
17 20 35
20 22 21
1 4 24
20 22 7
12 15 2
20 23 25
1 3 8
7 10 27
11 13 2
17 19 14
16 21 1
20 0 25
3 6 22
0 3 37
20 23 26
6 9 39
9 12 22
22 1 10
3 5 23
14 17 18
8 12 9
10 13 17
4 7 36
12 15 29
17 19 17
0 4 18
18 21 20
7 11 17
12 16 21
7 10 36
15 17 38
21 0 19
6 9 6
10 13 15
19 22 16
5 8 11
3 6 35
8 11 2
7 11 4
4 6 37
3 4 2
17 20 3
5 8 3
5 8 8
11 14 31
18 20 29
0 2 35
3 5 9
21 0 3
15 18 21
7 10 36
14 16 36
1 4 40
8 11 15
10 12 17
3 8 40
21 0 30
16 21 21
20 0 21
22 1 31
10 13 32
20 1 32
2 6 19
22 1 16
7 10 10
11 12 20
5 7 2
10 13 16
22 1 14
23 2 37
15 17 16
8 10 34
8 12 33
23 1 5
9 12 6
18 20 36
16 19 30
5 7 37
20 0 26
7 11 34
4 7 21
0 3 20
3 6 27
1 4 9
19 23 22
16 20 33
7 10 24
22 1 34
18 21 17
1 6 2
12 16 37
6 9 19
22 2 30
3 7 15
18 0 36
6 9 14
19 21 35
22 1 39
17 20 17
17 21 18
21 22 29
5 8 5
21 23 35
7 11 24
21 0 35
7 10 19
16 21 1
17 21 31
17 19 23
14 16 4
20 22 8
15 17 4
19 21 14
4 6 6
1 4 23
3 8 20
7 10 27
5 8 18
16 19 8
23 1 1
1 3 27
2 2 37
12 15 38
17 22 30
0 3 39
11 13 36
6 10 30
9 12 40
6 10 38
23 5 29
8 11 27
19 23 10
18 22 2
0 5 15
5 7 5
20 0 28
8 12 15
14 15 39
22 1 22
15 18 24
8 11 8
22 2 12
21 1 29
19 22 14
3 7 35
3 6 18
8 11 21
10 14 17
22 0 40
0 2 23
4 8 34
5 7 17
21 23 8
13 17 17
13 17 38
1 4 27
4 7 37
1 6 22
9 10 23
20 0 36
5 8 13
4 8 14
5 7 30
14 16 2
13 16 35
20 0 29
15 18 2
12 17 3
17 20 20
15 18 14
7 11 24
4 6 21
21 1 1
0 2 27
8 12 6
12 14 13
0 3 16
6 7 31
8 10 25
1 3 5
10 12 11
2 5 18
8 13 15
14 17 2
16 20 34
20 21 23
12 14 39
23 1 33
8 13 7
13 15 13
2 5 30
5 9 39
20 22 3
19 22 23
9 10 32
3 7 8
23 1 3
19 23 29
7 11 35
8 11 35
19 22 30
22 2 6
1 4 22
12 16 2
22 0 10
19 22 7
15 18 20
8 9 12
4 6 18
11 14 10
18 21 21
0 4 14
8 9 22
20 23 30
17 21 28
16 19 29
2 5 2
18 22 35
10 13 14
20 23 14
2 7 15
4 7 29
12 15 28
8 12 5
2 6 34
22 0 25
23 1 19
20 22 40
12 13 10
18 20 1
8 12 15
5 8 34
2 4 15
15 18 18
18 22 8
23 2 10
6 10 36
2 3 40
16 21 30
8 12 14
1 3 39
1 4 25
6 11 10
13 15 8
4 9 37
9 14 34
19 23 10
17 21 6
0 3 9
10 11 40
3 6 23
11 13 37
12 15 37
19 0 18
6 7 37
22 0 10
18 21 14
10 12 26
18 21 39
1 5 19
2 5 6
10 12 31
11 15 4
10 11 3
14 18 17
5 7 20
19 23 6
8 12 18
2 4 37
2 6 23
18 21 2
10 12 39
0 2 26
22 0 11
20 22 21
12 14 38
18 21 14
10 13 40
8 12 35
3 6 39
9 13 13
1 6 34
23 1 35
14 18 23
5 8 26
4 7 3
0 3 24
21 1 35
23 3 32
21 0 26
15 18 14
13 18 28
3 7 21
0 4 2
12 15 22
19 22 38
2 4 30
17 20 11
8 10 7
9 13 19
0 2 12
21 0 34
3 6 23
22 0 25
19 20 28
9 12 27
9 12 10
23 1 38
14 17 9
6 11 19
17 20 33
14 17 22
19 21 2
6 9 4
7 9 21
13 15 4
20 1 30
23 4 11
8 13 11
5 6 12
23 3 21
1 5 31
23 2 13
4 6 2
6 9 7
3 5 14
9 12 34
14 16 21
18 20 20
1 5 35
7 10 37
18 21 24
11 13 2
3 7 9
23 1 2
20 23 20
5 8 37
2 4 7
5 10 13
16 22 33
15 18 38
6 8 31
0 3 1
21 0 15
18 21 19
3 5 26
7 9 38
21 22 37
5 8 40
19 23 29
11 14 12
20 21 20
22 0 40
15 17 14
6 9 6
12 14 18
13 17 24
11 13 3
7 10 38
16 19 2
20 23 34
20 20 13
20 22 22
9 11 16
22 2 24
10 14 38
10 13 2
23 2 38
20 22 17
16 18 7
8 12 10
17 19 36
5 8 10
20 23 34
22 1 20
6 9 10
22 0 31
20 22 9
13 15 26
3 7 28
7 9 25
0 4 29
3 6 32
19 22 11
14 17 7
19 22 28
22 2 22
10 14 20
7 10 5
20 20 18
11 15 12
14 16 22
12 15 28
22 1 19
5 9 1
15 19 22
23 3 37
4 5 22
21 22 1
19 22 36
9 13 39
14 15 24
13 15 33
15 19 18
23 2 22
21 0 15
4 7 21
7 10 3
19 0 4
14 17 14
9 12 5
14 17 13
19 23 2
0 2 33
4 7 16
23 2 39
14 18 25
21 23 27
16 18 6
18 23 26
19 22 39
12 15 9
23 2 9
3 6 15
8 11 18
14 16 28
14 16 29
21 22 2
8 11 36
3 5 39
19 21 36
2 7 8
9 11 3
4 7 7
20 23 27
18 21 7
22 2 3
21 0 21
19 21 27
19 21 30
3 5 36
13 16 36
0 2 24
19 22 15
7 10 28
22 1 38
18 21 28
23 1 28
15 17 35
13 13 23
13 17 26
17 20 35
23 0 20
12 16 1
18 21 4
13 16 26
2 5 16
1 4 22
6 11 9
20 21 39
23 0 17
10 12 32
8 12 21
7 10 25
17 22 19
0 3 20
15 18 2
19 21 12
20 1 30
4 7 12
20 0 15
9 14 3
20 23 3
11 16 24
9 12 1
2 5 37
21 0 22
16 19 9
10 15 18
18 21 12
7 11 30
19 0 23
10 13 36
1 4 28
4 7 28
2 4 32
9 12 5
6 9 9
1 4 34
1 3 8
0 3 33
21 0 14
10 14 25
16 17 26
1 4 4
8 12 18
9 13 37
16 18 34
23 1 25
4 9 24
5 8 32
1 4 15
20 23 18
6 8 24
5 8 2
20 23 40
19 23 1
1 4 1
19 22 13
0 3 39
13 17 32
3 6 14
17 21 17
20 23 33
14 18 33
2 6 15
13 17 32
2 5 6
14 17 35
7 10 40
16 17 33
11 16 7
23 2 38
23 3 12
8 10 24
13 15 32
9 11 32
15 17 15
2 4 14
3 7 5
2 6 19
23 4 7
23 4 30
3 5 39
4 5 24
16 20 10
1 6 39
22 0 34
0 4 9
1 5 27
14 17 27
3 6 1
6 9 16
21 0 27
23 3 18
2 8 13
10 13 25
20 22 8
17 21 11
17 20 13
23 1 31
22 1 8
11 12 4
19 21 34
20 23 7
1 4 32
9 14 1
20 23 28
14 16 33
17 19 26
6 8 13
21 1 32
18 23 12
8 10 38
23 1 29
16 19 39
12 16 33
6 9 33
12 15 40
7 11 18
8 11 9
10 12 18
19 23 14
10 12 14
2 7 7
14 15 12
6 10 26
16 19 22
8 12 37
8 10 38
20 23 27
12 16 3
9 11 31
16 19 8
19 22 8
22 1 31
9 11 14
19 21 2
2 5 30
14 18 23
3 6 5
6 11 17
14 18 37
0 2 35
2 6 39
7 8 23
14 18 40
3 6 15
2 5 31
23 2 37
15 17 36
3 7 32
15 18 40
17 22 2
3 6 40
1 4 32
4 7 23
18 23 37
5 6 30
23 3 7
10 13 1
23 2 35
15 20 20
0 3 8
21 2 39
14 18 22
15 16 1
9 11 40
8 10 4
23 3 9
21 23 35
5 9 24
11 13 37
2 5 5
23 2 19
5 8 20
5 8 11
12 15 33
5 7 35
12 15 14
6 9 25
12 14 16
4 6 13
11 14 39
8 10 14
1 4 40
15 18 26
1 5 2
4 8 39
18 20 7
7 11 25
9 11 5
15 17 16
21 23 3
12 16 4
7 9 27
15 17 32
21 23 19
17 18 12
0 4 23
22 1 8
17 20 16
3 6 36
21 23 27
12 16 7
12 16 3
15 18 7
3 4 9
23 1 37
13 16 29
9 13 22
23 2 11
4 6 20
13 15 13
8 11 25
5 6 15
18 21 7
19 23 7
12 17 10
7 9 4
15 19 13
0 5 17
13 15 29
11 15 39
9 12 33
9 12 27
12 16 33
17 18 37
16 20 4
18 23 33
8 10 33
23 2 35
15 19 30
20 0 38
14 17 5
2 5 25
5 8 12
11 13 36
15 18 4
14 18 7
19 22 1
15 19 20
23 0 32
9 12 28
12 14 28
10 15 31
22 2 26
4 6 17
8 12 32
14 16 11
23 1 29
13 18 27
5 7 33
2 5 11
14 18 1
2 4 3
13 15 21
13 16 28
10 13 16
14 17 24
0 5 5
22 2 36
0 5 11
14 17 37
18 22 31
8 12 18
16 20 36
3 6 40
3 7 33
5 9 29
9 13 1
19 23 17
9 11 3
0 2 32
17 20 11
8 13 39
0 4 33
21 23 37
11 14 7
23 3 7
10 13 7
9 10 4
22 0 33
11 15 16
6 9 22
10 13 12
22 0 16
7 11 25
19 0 6
7 9 30
9 13 16
16 19 12
20 23 13
19 21 9
2 5 36
7 10 4
19 23 31
0 3 6
23 0 22
11 16 22
19 22 5
20 23 23
23 1 6
9 12 3
21 23 11
4 6 28
21 1 40
4 8 15
6 9 40
19 21 38
8 11 36
14 16 4
7 10 32
13 17 13
2 5 8
19 22 20
21 1 21
19 22 34
23 3 13
14 17 10
18 20 25
18 22 11
23 4 1
9 12 20
22 1 15
14 18 20
19 23 16
6 9 15
23 2 30
19 21 16
22 1 15
23 2 21
14 16 38
0 1 10
23 2 39
9 13 7
21 0 11
7 10 5
1 2 3
2 5 34
20 23 27
15 18 14
11 12 5
7 9 8
5 9 4
14 19 15
19 23 14
10 14 3
18 21 18
12 16 3
0 2 30
23 2 32
19 21 25
20 23 13
9 10 28
16 20 17
18 21 15
15 17 32
23 4 19
14 16 40
16 18 8
14 18 3
8 9 37
8 11 40
10 12 6
5 9 12
16 19 35
20 23 28
4 5 19
13 15 38
13 16 39
7 10 17
19 22 12
10 13 2
18 22 34
19 22 26
5 8 32
18 22 7
1 5 26
12 13 10
9 13 10
17 20 27
15 20 31
2 6 39
21 0 26
13 15 7
15 19 31
7 9 4
23 3 26
17 20 4
11 14 29
18 20 38
3 5 35
11 14 21
7 10 27
1 4 18
19 21 11
6 9 38
16 19 37
6 10 4
12 14 7
2 5 25
13 15 12
12 15 3
10 12 23
12 15 32
1 5 39
8 11 10
15 18 5
16 21 7
13 16 8
22 23 33
4 8 31
16 17 7
0 4 33
0 3 16
10 13 6
14 17 24
22 1 17
5 9 19
17 17 3
3 6 7
12 14 16
13 16 19
11 13 35
23 3 20
17 20 32
13 18 33
12 15 37
3 6 36
6 9 22
6 10 30
6 8 5
13 16 10
4 7 5
16 18 25
6 9 38
18 20 23
17 21 34
22 0 5
18 19 26
3 5 15
11 12 19
4 7 11
11 13 4
12 16 34
4 6 7
8 11 28
19 23 38
8 9 25
19 22 3
1 4 38
3 5 7
7 11 28
21 2 39
7 10 22
2 6 21
22 0 17
17 20 27
22 1 7
5 7 7
5 9 9
14 17 36
19 22 14
13 16 39
23 1 24
8 11 38
11 13 26
20 23 10
12 15 19
13 15 6
8 11 10
9 13 7
20 0 6
17 20 15
15 16 37
10 12 38
2 6 25
6 9 16
15 17 37
10 14 30
16 19 2
20 0 9
6 9 13
10 11 24
16 20 12
13 15 15
4 7 28
19 23 40
3 6 4
10 13 14
1 4 22
15 19 10
5 8 20
14 18 36
0 3 8
0 3 27
21 23 18
13 16 40
10 12 21
9 12 13
23 1 25
10 13 12
16 21 15
22 2 23
15 17 16
16 19 39
16 19 7
17 20 40
2 5 40
23 3 20
0 3 23
21 23 10
10 11 34
12 16 18
16 20 21
9 13 18
0 4 26
23 1 4
13 16 20
18 20 7
10 12 28
8 9 12
13 16 36
20 21 1
3 6 19
1 4 8
11 14 13
9 13 31
2 5 33
22 1 32
6 11 38
19 0 2
2 7 29
9 11 32
5 8 21
22 0 3
5 8 9
15 19 5
23 2 16
2 4 39
21 23 10
21 1 17
20 22 16
6 9 6
1 3 1
13 16 19
15 19 15
6 9 1
6 9 36
12 15 16
4 8 14
10 13 15
11 13 3
12 15 27
4 5 30
10 14 17
20 0 26
18 19 39
17 18 7
13 16 38
2 5 9
2 4 37
23 2 15
5 7 9
5 7 37
1 5 8
19 22 10
2 6 30
7 12 40
1 3 17
10 11 27
9 11 25
17 20 23
5 9 33
17 19 24
0 4 1
15 18 13
23 1 29
16 20 2
22 1 5
17 21 30
1 4 6
11 15 22
18 22 10
0 3 30
3 5 12
7 9 7
11 12 13
1 2 9
10 13 18
14 15 10
20 23 27
0 4 19
2 4 38
0 4 6
2 6 14
22 3 15
7 9 32
14 15 32
18 22 31
19 21 12
9 12 14
2 4 31
15 17 7
23 0 2
22 1 7
1 4 30
6 10 33
5 9 22
2 4 27
20 23 20
6 10 23
11 14 3
6 10 35
20 0 31
12 15 13
16 20 12
12 15 39
9 13 15
20 23 31
10 12 27
12 14 10
13 18 28
2 7 3
2 5 35
3 6 22
18 21 6
23 1 38
15 16 26
12 14 4
20 22 23
23 3 20
3 7 23
15 19 21
7 10 18
13 14 14
0 4 24
12 15 35
20 22 39
16 19 6
14 19 31
0 3 12
22 1 11
9 10 23
14 17 13
6 7 35
15 18 21
17 23 23
16 20 24
20 22 22
22 2 11
9 12 37
11 14 20
19 21 6
20 0 28
18 21 10
21 0 31
16 19 24
19 21 13
12 14 32
0 5 3
16 20 10
6 11 1
6 8 39
16 20 38
7 11 39
15 17 17
4 6 4
11 13 28
9 10 4
6 10 1
17 21 25
4 6 31
8 11 35
4 7 26
13 16 31
2 5 29
15 18 17
2 5 1
18 20 33
5 8 11
6 9 7
20 0 10
21 0 28
3 8 24
3 6 27
16 20 10
1 3 1
15 18 2
6 9 17
18 20 37
0 2 14
0 2 5
17 20 27
4 8 36
17 19 1
20 22 12
23 1 25
15 18 2
7 8 40
6 9 16
23 2 8
22 2 6
10 12 30
0 2 35
9 12 7
15 18 19
5 8 31
11 12 38
23 2 7
13 16 3
9 12 1
11 14 14
13 17 24
7 10 38
22 2 15
22 0 33
1 4 22
2 4 14
8 11 37
14 14 36
22 1 23
22 3 7
9 12 16
12 16 32
14 17 32
23 2 22
3 6 31
17 21 3
19 22 1
14 17 17
7 10 10
10 11 9
7 10 40
17 20 32
12 16 38
13 18 31
0 3 7
23 1 30
20 23 17
2 6 30
21 0 27
9 12 23
4 6 12
11 15 22
17 19 13
14 17 4
7 10 20
19 22 16
4 8 31
14 15 23
19 21 29
6 8 33
14 18 38
11 14 21
21 1 29
8 13 13
6 8 6
11 14 25
16 19 13
13 17 32
2 5 14
15 19 30
1 3 16
10 14 17
9 12 22
17 21 31
12 16 5
1 3 4
2 7 12
0 4 1
17 18 10
3 6 6
11 15 27
19 23 31
19 23 2
22 2 14
21 23 39
15 20 30
21 23 9
5 8 14
8 11 25
8 10 29
6 8 3
1 4 15
5 8 18
6 10 26
20 0 29
7 11 31
10 14 40
0 2 34
2 5 38
10 12 7
0 3 16
21 2 37
14 16 20
4 8 29
19 23 9
23 1 21
22 2 15
15 18 4
11 13 12
11 13 13
22 3 9
14 16 13
5 7 39
3 6 12
12 12 19
6 10 3
5 7 33
18 20 28
3 7 31
2 5 24
18 22 22
2 5 20
14 18 8
22 2 17
2 8 4
12 14 22
3 6 28
23 4 15
6 10 24
7 11 8
7 8 30
23 1 4
15 18 39
19 22 25
14 17 31
12 15 12
13 16 1
12 15 40
15 18 12
10 14 36
2 6 35
22 0 27
8 12 17
19 21 28
5 9 10
12 15 32
14 18 17
5 7 13
22 0 24
12 15 12
7 11 17
15 17 12
12 17 35
9 10 11
8 10 34
0 3 7
12 14 15
15 17 9
7 11 19
5 7 36
23 2 17
3 5 10
18 22 10
10 14 9
15 17 20
0 2 33
1 4 9
2 5 33
18 22 13
4 7 33
3 5 1
8 11 38
4 8 5
15 16 13
6 8 33
21 2 9
6 10 22
13 16 22
23 2 29
0 3 13
8 12 33
6 10 27
2 6 14
23 2 17
11 14 3
6 8 25
14 17 40
11 14 25
12 14 2
13 15 4
16 18 6
9 14 25
2 7 35
4 6 8
3 5 9
13 18 6
7 9 24
20 23 21
13 17 38
18 21 27
5 7 12
16 20 12
20 0 36
3 5 31
5 7 18
14 16 25
5 9 1
8 11 31
8 10 39
22 1 39
9 10 24
22 2 37
2 6 4
17 21 6
9 13 27
4 8 13
16 20 24
13 17 22
19 23 16
20 23 36
14 18 15
15 17 6
22 3 9
5 8 30
23 1 16
7 10 24
7 9 13
14 17 27
1 4 13
0 5 36
2 6 21
15 17 36
21 1 7
23 2 16
21 0 2
2 5 24
9 14 14
23 2 29
17 21 34
13 16 39
9 12 26
7 10 34
18 21 6
6 11 22
15 18 35
22 0 34
17 19 2
19 0 14
16 21 37
22 2 6
16 18 18
0 6 16
8 11 15
19 22 16
22 1 23
22 23 32
15 19 39
2 4 6
7 11 21
0 2 9
4 5 39
0 5 7
23 0 4
5 7 20
6 8 29
3 6 20
21 23 34
19 22 36
20 1 39
4 7 35
10 13 19
17 20 24
6 9 22
15 19 31
21 0 16
3 5 30
11 15 24
20 21 13
23 2 38
15 16 13
11 13 11
4 8 4
9 12 25
20 23 10
8 9 13
17 20 31
16 21 32
6 10 3
12 17 20
20 23 5
2 5 23
18 21 9
18 22 35
1 3 23
5 8 8
1 5 27
4 7 39
22 2 12
16 19 10
17 19 26
17 19 1
21 23 7
7 10 24
16 20 31
17 19 10
13 16 30
19 23 5
17 18 9
6 8 40
5 7 11
2 5 2
19 21 9
2 5 18
15 16 38
15 18 14
7 11 23
2 5 27
12 16 27
11 14 22
18 21 28
20 22 7
13 15 12
1 4 4
16 20 40
17 21 36
6 9 15
8 10 20
9 12 37
21 1 28
23 2 39
19 21 26
6 10 36
23 4 9
18 22 5
3 7 11
2 7 33
1 5 36
17 21 38
17 21 39
20 23 34
4 7 2
9 14 33
1 4 40
14 15 19
15 19 8
5 7 33
10 12 13
23 2 34
14 18 6
10 12 30
21 1 7
2 3 19
20 0 20
23 2 14
10 13 35
7 11 27
4 6 40
1 3 19
8 11 15
18 21 9
23 4 25
0 3 19
15 18 8
0 4 37
11 13 11
10 14 8
16 19 18
14 17 19
8 10 3
0 4 24
10 14 7
15 18 15
18 21 36
13 16 12
22 1 1
11 16 28
20 0 9
13 18 15
10 13 19
11 14 36
0 3 26
17 21 6
5 8 3
18 22 1
15 19 20
22 1 38
8 10 31
9 11 15
10 10 39
11 15 26
6 10 27
19 22 7
17 21 16
19 21 15
0 3 18
0 3 21
23 0 5
8 12 20
5 7 2
4 8 1
12 15 34
8 10 9
5 7 20
15 17 12
4 8 1
19 21 40
7 11 6
20 23 17
2 4 36
17 21 27
19 22 24
23 4 9
19 23 36
0 4 40
4 8 8
15 19 8
20 23 40
21 0 32
16 17 33
13 17 11
18 21 16
11 13 36
2 5 3
22 0 14
17 20 1
4 8 36
18 20 25
9 13 26
8 11 12
23 2 12
15 20 36
21 1 30
20 23 38
10 10 12
7 11 17
17 20 28
1 3 13
14 18 28
2 7 16
10 14 27
6 8 1
23 2 18
19 22 26
17 20 39
23 1 1
5 9 16
2 4 20
16 19 25
16 21 8
21 3 30
7 10 34
19 21 15
9 12 7
2 6 3
5 9 22
22 23 35
23 1 5
12 15 20
23 1 7
9 11 15
4 6 4
11 15 13
14 16 3
15 18 11
18 22 17
7 10 2
4 6 8
19 22 31
14 18 15
8 10 37
9 11 39
1 4 4
5 10 3
4 8 4
12 16 8
1 5 7
2 6 7
0 4 28
14 18 36
9 11 30
16 18 15
16 20 12
23 2 30
11 14 26
13 16 25
10 12 16
4 8 7
20 22 32
10 13 4
14 18 39
9 12 30
22 0 1
9 13 30
14 17 32
17 19 21
14 19 9
4 9 20
7 10 31
1 3 7
4 8 10
4 8 23
20 23 1
7 12 33
6 8 24
18 23 17
1 3 3
12 16 10
11 14 38
11 12 32
21 22 38
13 16 18
21 0 37
9 12 23
9 12 26
0 3 39
0 4 26
1 3 28
20 22 22
19 23 38
15 18 10
19 22 31
23 3 7
9 12 6
15 17 21
18 20 6
4 7 31
12 16 22
23 1 32
2 5 36
14 15 22
13 16 23
3 7 38
6 9 14
7 10 7
8 8 21
8 12 22
14 15 25
3 7 29
0 2 12
3 6 24
15 19 2
7 10 18
17 20 24
0 2 3
2 5 8
6 9 5
22 1 13
6 9 40
5 9 15
21 1 4
6 9 5
5 8 37
0 3 38
19 21 3
3 6 19
22 1 26
11 14 29
17 22 24
8 11 15
2 5 9
12 16 19
15 17 38
5 10 36
13 15 4
21 23 23
5 6 21
18 20 37
13 16 22
5 8 27
21 0 24
16 19 6
3 6 9
9 13 33
8 12 28
18 22 10
23 1 5
6 8 4
12 15 13
7 10 26
4 7 14
12 15 18
9 13 31
13 18 17
15 16 3
19 20 32
16 20 3
20 1 34
19 23 6
21 2 34
5 9 27
1 4 15
18 21 26
7 11 11
9 13 8
9 12 15
4 6 5
22 23 11
17 19 11
16 20 33
5 8 21
6 9 16
9 12 18
15 17 5
6 8 35
13 15 34
19 22 1
0 3 1
1 5 23
20 23 3
1 4 24
1 3 12
7 10 38
1 4 31
10 13 34
22 0 20
2 6 10
21 0 19
14 18 12
8 11 34
14 15 21
1 3 39
4 7 19
10 14 14
10 14 6
6 8 34
5 7 8
4 7 12
5 8 11
23 1 6
8 9 36
4 6 27
13 16 24
6 10 17
11 14 30
16 19 4
21 1 21
4 9 10
19 21 36
11 13 38
11 15 1
4 6 22
8 11 30
15 18 13
9 13 2
14 18 21
7 10 1
20 22 12
20 23 31
14 17 23
9 12 1
22 22 15
18 22 28
21 1 27
17 20 21
15 18 13
14 18 35
21 23 15
23 2 6
5 7 10
15 20 33
5 7 33
14 17 11
11 16 34
18 22 23
7 9 1
10 13 37
8 11 13
17 21 38
17 20 35
12 13 25
12 16 4
7 9 7
19 22 29
3 5 15
11 14 13
13 17 34
17 20 21
13 15 8
14 16 17
4 7 2
2 6 15
1 4 19
15 19 39
15 17 27
15 18 32
11 14 20
14 16 6
4 6 29
8 11 37
20 23 16
11 12 39
21 0 33
9 10 2
19 23 35
15 18 16
9 11 18
19 21 15
6 10 28
10 12 12
10 13 13
3 6 6
3 6 28
2 4 7
8 13 37
17 20 7
16 19 14
16 20 38
1 5 20
7 10 16
23 1 5
22 1 2
1 3 20
14 16 26
3 6 26
20 22 5
19 23 7
12 15 11
16 18 1
19 20 22
21 1 16
4 6 15
5 9 31
15 17 15
12 16 24
11 15 17
14 16 29
8 13 18
9 11 15
16 18 11
8 12 24
19 1 3
6 8 3
1 6 34
12 15 16
22 0 34
20 0 22
16 18 15
1 4 24
0 1 5
21 1 28
8 12 1
18 21 37
15 18 25
17 20 9
21 0 39
7 10 33
1 3 14
1 4 8
18 22 15
9 13 20
12 16 6
13 17 14
6 10 37
23 1 10
12 15 34
1 5 1
9 11 9
7 11 17
1 4 28
15 19 25
12 16 12
2 3 39
1 3 21
13 15 37
9 11 40
10 11 8
22 1 4
18 20 17
17 20 32
12 14 16
4 7 28
14 17 6
9 12 13
4 7 4
20 0 35
19 22 7
20 22 10
3 5 14
2 4 7
1 4 11
1 3 33
20 23 9
20 23 1
18 23 38
10 14 8
22 0 26
19 21 2
11 15 22
3 5 18
2 5 25
14 17 39
18 19 15
4 7 38
1 3 37
20 23 5
5 8 34
11 14 1
4 6 8
16 18 22
10 15 33
11 12 17
5 8 17
10 11 27
20 23 25
23 1 31
1 2 11
12 16 35
21 23 26
2 4 4
1 4 38
13 15 32
6 8 11
8 10 5
1 6 36
1 6 29
21 1 28
3 6 31
12 14 27
13 14 31
8 10 39
15 18 10
14 17 1
5 7 4
20 21 27
16 19 36
6 9 3
13 15 24
10 13 22
21 21 4
2 5 1
3 6 12
23 3 38
14 16 2
12 15 16
23 2 40
21 2 24
15 16 1
18 21 33
21 0 15
12 14 25
17 19 10
16 19 32
14 18 12
10 13 37
10 13 31
21 0 31
3 5 18
15 17 26
20 22 31
0 1 31
22 1 16
9 12 8
9 13 37
21 23 3
9 11 34
15 19 31
3 5 38
8 10 14
19 23 2
20 21 2
0 3 17
7 11 39
14 16 19
18 21 7
9 11 33
17 20 3
2 7 34
8 10 32
7 10 27
5 9 19
18 22 2
4 5 17
19 23 8
13 16 19
0 5 23
5 7 2
22 1 30
18 22 29
16 19 39
15 18 27
6 10 10
8 12 16
17 21 27
19 22 1
5 8 2
5 7 11
19 21 40
18 21 23
18 21 14
3 5 29
10 12 1
15 16 19
11 14 7
18 21 12
12 14 21
9 12 36
9 12 30
12 16 20
4 7 6
1 6 38
6 8 14
14 18 7
20 0 6
13 16 29
12 14 13
0 3 27
11 13 6
1 4 6
6 8 11
14 17 10
9 10 10
8 10 17
22 2 18
22 1 12
13 16 34
19 23 36
13 16 18
10 13 29
12 14 37
10 12 5
17 20 19
23 1 5
21 0 38
21 0 18
12 15 24
10 14 23
6 7 20
20 23 34
10 12 5
3 5 29
11 13 18
7 12 3
6 9 25
6 9 24
22 0 15
3 5 36
14 16 15
6 7 13
17 19 34
14 18 26
10 12 6
23 1 26
9 11 17
2 6 34
5 8 16
14 17 40
8 11 18
1 3 39
10 15 10
17 19 8
17 19 24
2 5 15
8 12 33
3 6 32
0 3 22
23 3 31
2 7 7
17 19 11
16 19 11
13 16 37
10 13 31
22 1 24
8 12 7
22 2 8
2 3 36
11 16 35
4 7 11
19 21 11
14 16 4
13 17 7
7 10 17
13 17 2
18 22 8
23 2 36
19 20 39
21 1 37
6 8 23
19 23 40
16 18 3
12 15 21
11 14 12
16 20 10
17 19 21
23 2 30
12 16 17
16 18 17
0 2 21
17 19 33
23 0 40
1 3 16
23 2 9
6 11 23
8 10 9
2 5 4
2 6 11
21 1 4
2 4 21
3 5 26
10 13 14
18 21 30
16 18 23
17 20 39
19 23 33
19 21 34
11 15 25
13 16 6
9 12 29
11 16 33
21 0 16
12 15 35
17 19 26
13 16 34
9 12 10
21 0 35
8 11 13
1 1 7
19 0 23
19 22 21
4 7 9
0 2 14
21 0 19
0 4 10
11 15 39
10 10 13
21 1 12
18 21 10
12 15 25
13 18 18
15 19 3
23 2 11
10 15 5
18 21 12
8 9 7
9 13 39
17 21 23
5 6 14
21 0 20
5 9 12
15 19 36
17 21 33
9 13 4
23 3 9
5 8 6
13 15 25
3 8 30
0 3 27
8 9 11
10 11 30
6 9 28
23 1 37
19 23 39
7 10 17
21 0 35
0 2 19
16 20 16
0 4 19
11 14 6
4 7 36
20 23 30
4 6 21
9 12 16
23 3 7
22 0 14
14 18 40
15 15 22
8 12 9
17 22 3
6 9 7
4 8 10
21 1 4
13 17 11
20 23 1
0 1 17
10 13 25
15 18 18
9 11 10
7 10 38
6 9 23
2 5 40
10 14 3
17 20 24
0 3 19
16 20 30
2 5 5
5 8 18
18 23 6
10 13 28
3 6 36
15 18 14
21 0 19
21 0 38
20 23 9
15 17 36
21 0 17
21 23 38
4 7 13
10 13 12
17 20 2
13 17 33
9 11 31
21 1 17
21 0 30
7 10 24
10 13 14
17 20 21
13 16 14
19 22 19
8 9 4
0 3 35
17 20 32
19 22 15
7 9 40
8 12 13
11 14 37
8 10 1
8 11 28
8 12 6
19 20 26
5 8 19
9 12 11
3 7 16
17 19 7
12 15 40
22 0 9
3 6 6
18 21 35
17 20 34
7 11 37
16 19 19
2 5 25
2 6 34
12 15 25
0 3 37
20 22 16
17 20 25
8 13 15
4 7 38
10 14 14
15 17 26
1 5 24
0 3 12
13 16 22
21 0 24
16 20 1
8 10 33
18 20 6
13 16 4
17 18 9
23 3 14
13 17 38
16 19 14
18 20 40
6 9 31
18 20 34
5 8 13
6 9 25
23 1 34
15 18 26
22 3 39
13 15 37
16 21 19
1 4 15
7 10 14
22 1 31
9 12 9
10 11 26
8 11 19
18 22 35
4 9 10
4 6 3
3 5 10
19 22 26
20 23 32
12 15 17
8 10 6
4 7 32
15 19 10
17 21 34
3 6 27
18 21 9
7 11 24
11 14 28
19 22 18
16 18 7
11 13 32
20 23 9
9 12 18
19 22 13
8 11 35
0 2 15
6 8 29
7 10 6
11 14 7
0 4 9
22 2 12
8 12 40
22 2 38
21 0 37
10 14 4
2 3 35
21 23 34
7 11 38
0 4 23
12 16 19
15 19 29
5 7 14
20 0 12
7 11 38
22 2 29
6 8 6
19 22 7
23 2 40
1 3 10
3 7 39
15 19 8
2 5 29
17 20 11
10 12 11
3 6 13
17 20 21
3 7 31
22 2 1
6 9 26
9 13 34
21 23 1
12 16 14
15 17 33
22 1 30
20 23 32
8 11 28
0 4 39
0 3 20
16 19 19
3 6 29
7 11 20
8 10 5
17 19 28
11 14 19
3 6 13
20 22 39
4 8 26
11 14 22
13 15 15
23 2 19
1 3 29
7 9 3
23 1 24
17 19 16
15 19 13
18 21 19
12 15 6
17 19 26
4 6 8
12 14 15
5 8 27
6 10 4
15 19 8
3 6 16
12 15 8
20 23 35
7 11 34
17 21 11
23 2 16
8 10 13
12 17 9
7 8 3
4 7 9
11 15 22
23 0 1
3 7 25
7 9 38
23 2 6
16 20 15
22 0 38
17 20 18
20 22 31
22 1 4
17 21 12
6 11 25
6 10 33
7 11 13
0 2 1
9 12 2
8 11 3
3 5 12
7 12 22
5 9 31
9 12 38
8 12 34
2 4 7
13 16 5
10 14 24
19 22 33
23 1 20
1 5 38
9 12 24
16 18 40
7 10 4
17 20 6
5 9 11
21 1 8
21 23 2
9 12 14
17 20 34
10 13 23
13 16 25
12 13 33
14 17 29
11 14 38
4 7 9
10 13 38
16 19 38
13 16 33
15 19 17
5 8 11
15 19 33
12 14 19
10 12 1
18 19 8
11 15 8
1 4 2
20 22 10
22 1 32
6 9 1
20 1 5
16 19 22
5 9 22
9 11 8
15 17 2
23 0 33
4 5 1
23 1 21
16 18 26
0 3 40
17 19 11
5 7 8
14 15 32
4 7 11
2 4 21
20 0 11
9 12 38
2 4 9
16 19 25
3 7 35
13 16 39
18 21 36
4 7 21
22 0 31
9 13 9
2 4 19
9 14 3
1 4 17
21 0 20
2 5 37
18 21 2
10 15 40
23 5 27
12 13 2
7 10 5
15 20 28
7 9 4
9 12 26
13 17 39
4 8 9
6 9 21
10 15 6
13 17 37
3 8 32
13 18 1
0 3 12
19 23 24
11 15 19
7 10 38
23 3 33
18 20 14
8 12 13
17 19 30
11 14 36
9 12 14
21 0 15
1 4 7
8 10 37
22 2 27
13 16 17
16 20 20
3 6 25
11 13 24
19 21 24
5 9 37
22 23 18
15 17 6
5 8 22
18 22 20
1 4 21
17 19 32
23 3 16
18 21 26
0 4 12
22 2 34
2 7 33
8 10 30
8 11 5
16 17 1
10 12 21
13 15 27
0 1 13
19 22 2
0 3 25
14 18 6
19 22 37
16 19 31
6 9 22
12 15 20
19 22 14
7 10 16
6 9 2
5 9 26
0 2 14
19 21 37
11 13 12
16 18 21
10 13 7
15 18 23
11 14 21
17 18 24
2 6 38
5 8 19
6 8 22
20 23 23
15 19 12
22 1 37
11 15 22
5 7 40
12 15 5
9 11 22
7 9 22
2 4 40
15 19 33
1 4 3
8 11 12
21 22 35
10 13 8
13 17 29
10 13 9
9 13 37
3 8 35
6 8 1
21 0 13
14 18 2
4 7 4
15 19 26
22 0 5
21 0 1
3 6 17
17 22 1
0 3 5
11 14 34
11 14 5
7 12 3
12 14 26
16 19 23
12 15 22
1 5 38
13 15 35
8 11 31
23 2 35
0 1 24
14 17 25
21 1 34
8 15 3
8 11 25
8 12 23
4 7 17
9 12 4
12 14 22
7 10 23
10 13 18
11 13 39
5 6 26
10 10 31
3 5 34
9 10 27
13 16 29
3 6 17
4 7 28
5 8 22
11 15 23
7 11 5
22 0 21
19 23 39
18 20 14
13 18 32
5 6 2
14 17 7
21 0 40
6 10 24
17 22 21
19 22 29
17 21 39
23 0 38
19 21 29
5 8 13
22 2 21
13 16 26
19 21 30
19 22 18
10 12 39
17 20 11
18 23 29
3 5 38
5 8 34
21 0 23
22 0 22
13 16 7
11 14 37
7 9 31
2 6 22
9 13 13
0 6 26
15 17 20
15 17 40
19 22 10
23 3 6
1 4 8
5 9 30
12 17 39
5 7 10
22 22 29
14 18 24
12 16 30
11 15 18
10 12 8
19 23 16
6 8 20
4 7 34
22 2 21
12 15 32
13 16 12
20 0 32
14 17 7
8 10 40
14 16 14
20 23 16
18 21 22
11 13 2
16 20 37
3 7 4
19 23 32
5 8 6
4 5 37
0 5 22
17 19 9
17 20 34
0 3 2
8 12 25
1 5 4
17 20 12
16 21 8
10 13 26
7 10 22
2 4 24
2 5 5
15 18 3
3 6 17
17 20 33
13 15 18
3 7 25
23 3 6
16 18 23
5 9 15
0 1 28
12 16 37
19 22 14
13 15 18
17 20 1
8 12 2
14 16 23
22 1 24
10 13 28
11 14 10
1 3 37
0 4 34
8 11 17
11 14 20
13 15 40
21 23 32
13 14 6
12 18 21
6 9 17
3 5 33
22 2 18
18 21 11
7 11 19
20 23 7
0 3 31
23 2 37
19 23 12
14 17 33
3 6 38
6 8 8
15 18 8
3 6 2
22 1 2
7 8 2
9 13 2
12 15 21
17 20 7
16 22 39
12 14 17
14 16 7
7 9 39
17 22 38
23 5 1
17 22 16
0 2 18
13 17 12
1 4 6
18 21 20
18 21 28
6 8 27
12 14 28
22 2 37
10 14 1
9 13 28
0 3 36
7 12 2
3 5 29
20 21 12
13 16 36
23 3 40
15 17 14
21 23 16
14 19 12
19 23 7
15 18 38
22 1 34
21 1 31
1 5 39
18 20 15
13 18 4
17 20 23
22 1 33
15 19 37
16 17 32
18 21 9
6 8 4
22 2 33
11 15 5
14 16 9
8 11 14
10 13 21
23 3 35
18 21 20
19 22 15
1 6 1
18 20 30
12 16 23
15 20 21
4 6 17
15 18 26
21 0 20
6 9 26
5 7 24
1 3 37
14 17 11
21 1 2
5 8 12
17 19 16
1 5 23
2 4 8
21 0 36
14 18 2
3 8 13
12 13 17
12 16 33
18 22 28
13 14 36
7 9 19
5 8 26
22 1 38
21 2 3
15 17 27
13 17 39
1 5 2
8 10 16
10 11 29
18 22 10
13 15 12
15 18 21
2 4 3
0 4 13
1 3 39
11 14 3
1 5 34
2 6 21
13 18 22
17 20 39
11 12 39
3 5 16
22 1 8
20 0 31
18 19 19
19 21 16
9 13 28
23 4 30
21 0 40
8 11 35
19 23 39
1 3 20
17 20 11
2 4 35
12 14 34
17 20 8
6 8 32
19 22 23
19 21 2
4 8 5
5 11 12
22 0 17
19 1 2
5 7 17
22 1 38
19 21 5
14 17 37
17 20 25
8 11 17
2 5 29
21 1 10
11 14 25
9 12 36
8 11 26
19 21 20
2 6 32
21 23 35
8 13 6
14 19 30
15 16 4
16 20 29
22 1 27
17 19 16
20 23 33
3 6 17
22 1 28
16 19 9
13 16 21
13 17 17
10 13 7
21 1 15
11 14 20
4 8 18
17 20 36
5 8 24
0 5 10
18 21 27
20 23 16
3 7 11
16 19 6
4 8 1
21 1 13
20 23 2
3 7 31
16 20 1
15 20 28
0 3 40
15 17 34
4 6 9
18 21 10
10 12 13
11 16 2
17 18 3
10 13 37
15 18 31
6 8 19
17 20 32
18 20 19
1 4 35
5 7 1
0 2 26
14 15 20
11 14 23
5 7 1
2 5 25
20 23 2
11 13 1
12 15 21
4 7 19
4 8 21
11 14 14
18 22 32
4 9 35
4 8 33
23 1 38
21 23 38
22 2 24
13 16 38
0 5 35
4 7 4
10 15 11
12 17 16
23 2 33
0 2 4
1 4 15
19 21 26
3 5 39
22 1 37
0 5 22
16 20 40
23 3 28
0 4 8
7 10 3
21 2 3
12 16 25
14 18 35
0 4 5
9 9 35
1 3 16
18 23 1
12 14 25
21 1 20
18 22 13
17 21 40
6 8 29
20 2 11
15 17 23
10 14 4
9 14 33
22 3 9
1 3 9
17 21 40
21 0 14
23 1 37
20 0 37
2 4 17
12 14 18
10 13 34
4 7 40
11 14 40
10 12 16
2 6 2
11 15 25
7 10 13
15 17 7
8 12 34
16 19 38
4 7 13
23 1 38
19 22 31
6 9 40
7 11 21
22 1 19
4 8 19
0 3 13
20 0 15
4 7 25
15 19 25
21 0 15
12 17 27
14 18 13
2 5 16
2 7 35
0 4 27
18 22 15
13 17 28
7 11 35
4 6 34
16 18 32
0 4 8
10 12 2
23 2 36
3 5 23
11 14 33
18 20 10
6 9 34
14 17 37
17 20 28
1 2 11
7 9 19
17 18 21
5 8 27
20 0 35
16 21 3
18 21 11
7 9 12
3 6 30
9 13 7
10 14 28
22 3 14
9 11 11
3 7 2
10 14 31
1 3 27
8 12 37
6 8 35
2 5 23
1 5 8
20 23 6
10 13 9
5 7 14
19 20 31
8 9 36
14 17 30
21 1 15
16 19 22
3 4 7
23 2 26
2 6 24
15 18 36
15 19 29
22 1 6
21 1 17
7 10 20
12 15 35
1 2 17
9 11 23
5 8 38
4 7 28
4 6 21
1 5 21
20 21 22
14 17 27
9 12 23
8 12 24
7 10 18
6 9 16
18 21 2
3 4 15
2 5 39
1 3 31
0 3 22
2 4 24
16 18 35
10 13 16
13 15 36
9 13 1
1 3 36
13 15 15
18 19 4
11 12 9
23 2 31
0 4 4
6 9 30
10 13 15
16 20 13
12 14 40
1 4 31
18 23 1
6 8 37
2 5 38
23 0 11
0 3 7
15 18 40
14 15 34
6 12 13
3 5 19
10 15 14
0 3 7
23 4 20
12 14 30
4 7 18
20 23 5
3 6 32
20 0 36
23 4 26
12 15 12
15 18 30
4 6 38
18 20 14
4 8 39
21 1 14
13 17 37
17 21 3
13 15 27
9 12 30
16 19 11
3 5 24
15 19 30
9 14 35
15 18 38
23 1 39
12 14 30
4 7 38
10 14 11
14 16 10
20 23 23
10 13 27
20 22 8
7 12 3
22 0 2
19 23 36
7 10 3
20 22 11
7 10 14
9 11 29
14 17 30
7 9 16
11 16 34
5 9 9
8 12 2
5 9 38
14 16 19
1 3 38
15 18 24
17 18 27
8 12 9
3 5 7
15 16 11
15 19 13
22 1 2
4 6 7
16 20 33
12 14 16
3 6 11
21 2 27
3 7 21
8 11 16
12 14 9
20 22 15
0 3 19
9 12 10
16 19 11
1 1 28
17 20 24
18 20 31
18 21 26
0 4 18
17 18 25
21 0 16
9 11 8
7 11 14
16 19 3
10 13 17
21 23 8
4 5 18
13 16 10
6 8 8
1 4 6
14 18 2
9 11 23
17 19 27
6 9 38
15 19 31
1 3 33
6 11 38
0 4 34
14 17 16
17 19 34
14 18 19
11 12 39
5 8 17
8 11 15
10 13 38
12 16 15
19 22 15
1 5 17
19 23 29
23 3 11
15 19 19
18 22 8
16 20 36
16 19 40
6 10 5
5 10 34
9 11 23
3 8 29
16 18 15
16 18 32
12 15 5
10 12 9
18 21 7
7 12 11
2 5 24
10 14 22
18 21 22
1 4 16
0 4 37
9 12 32
19 20 17
21 1 7
1 4 38
17 20 14
11 14 11
15 19 27
1 5 16
7 8 9
4 8 35
19 21 6
20 0 40
21 23 25
21 0 11
0 3 8
3 4 23
9 12 21
8 10 32
17 20 5
11 15 25
10 13 1
4 7 6
9 11 30
3 6 38
18 21 24
9 13 31
11 13 7
14 18 36
5 9 7
13 15 17
19 21 32
10 13 26
2 4 21
7 9 4
3 7 22
5 7 23
17 20 27
14 18 29
16 21 14
0 3 32
22 0 1
21 1 17
5 8 39
5 8 36
18 21 27
19 21 28
11 14 25
9 11 25
21 0 4
21 1 13
16 18 33
3 5 2
3 6 9
10 13 7
20 22 40
23 1 17
13 17 5
18 21 8
9 11 1
11 15 3
6 9 9
3 6 22
13 15 5
4 5 21
4 6 32
19 22 5
9 10 14
9 11 19
2 5 16
7 10 27
14 17 30
20 0 3
12 16 23
9 13 30
13 17 24
14 17 2
13 16 14
0 3 29
2 4 4
5 8 21
18 21 26
18 21 1
20 23 29
23 2 29
4 7 18
13 16 31
18 21 30
15 18 39
2 5 27
13 16 18
3 7 39
21 1 9
19 22 21
1 4 4
14 17 26
4 8 7
23 3 19
12 14 37
2 6 28
2 4 31
5 6 7
18 22 34
16 20 17
4 8 34
7 9 13
0 4 2
12 15 36
9 11 5
12 14 16
8 11 10
12 15 30
22 2 24
14 19 15
13 17 6
20 23 17
8 13 9
0 2 3
1 4 3
11 13 37
19 22 35
11 14 21
3 8 35
5 8 23
0 2 18
9 12 27
4 7 2
7 9 38
1 2 14
5 8 23
19 21 19
3 6 34
22 1 20
2 4 19
12 15 25
7 10 12
17 19 13
23 4 2
15 18 20
23 1 25
18 20 20
20 23 31
18 22 13
5 10 33
23 1 13
6 11 11
3 6 6
12 13 35
13 17 10
20 21 23
0 4 6
1 4 18
15 18 5
10 11 28
2 6 24
17 20 14
22 1 12
10 14 20
5 8 18
1 4 7
0 3 8
7 10 36
17 21 2
22 2 31
22 1 33
11 14 22
19 23 10
14 16 28
2 6 34
17 19 29
5 9 27
17 19 11
18 20 9
2 5 13
12 16 22
16 17 2
3 5 13
2 7 15
11 13 24
5 9 5
12 16 2
23 2 33
17 20 8
0 2 3
7 9 1
20 22 17
11 14 30
14 17 36
11 13 9
14 16 8
20 23 36
4 9 21
10 13 7
22 0 18
1 2 40
12 14 37
22 2 36
5 8 9
4 6 27
3 5 32
22 0 11
22 0 29
19 21 8
17 20 11
14 17 9
2 6 37
10 11 10
19 21 12
12 15 22
20 23 3
2 6 4
1 3 22
17 20 1
5 7 21
8 12 39
19 22 18
5 7 39
20 23 12
11 14 23
20 1 28
19 23 1
6 10 5
3 7 12
18 21 34
0 2 40
15 17 30
0 4 31
10 14 9
15 19 40
23 2 32
8 11 11
11 14 16
20 23 39
0 2 37
15 18 22
18 22 27
22 2 39
20 22 2
12 17 15
4 6 39
1 4 4
20 0 3
6 7 8
13 16 2
10 14 6
8 12 27
16 19 20
6 9 25
21 1 10
9 12 2
8 11 36
23 2 20
22 2 6
20 1 27
11 15 15
13 15 26
11 14 14
13 16 20
23 3 6
11 15 33
12 13 14
23 2 33
1 4 34
15 18 4
23 1 3
14 16 1
8 12 9
7 9 24
11 14 26
10 12 29
5 10 33
5 8 34
6 11 21
8 10 28
6 10 5
13 15 31
0 2 29
22 0 30
8 11 35
6 8 17
18 21 6
15 18 21
12 15 32
4 7 38
9 13 8
9 11 37
16 19 9
3 6 10
15 16 8
8 10 10
13 15 16
8 11 23
10 14 17
13 17 28
14 17 21
12 15 9
16 19 5
17 21 1
5 9 27
9 12 38
9 12 9
1 4 15
1 5 4
19 20 21
1 2 5
22 1 22
11 13 31
3 5 13
1 5 37
7 10 25
22 0 16
20 23 12
4 7 10
0 2 1
7 9 17
5 8 7
15 18 28
7 11 23
17 19 40
4 6 30
21 2 31
11 14 39
0 3 28
3 6 23
11 14 22
7 11 34
17 20 20
14 17 28
1 4 23
8 11 32
6 9 32
15 18 26
15 18 36
2 5 36
16 17 33
7 9 12
16 20 14
4 5 29
0 3 33
5 8 29
9 11 25
12 16 27
15 18 35
11 13 39
0 2 12
21 1 40
21 0 34
3 5 24
3 6 17
6 10 17
13 16 5
3 6 33
7 11 8
22 1 36
0 3 36
9 10 14
20 23 17
11 14 11
20 1 38
23 2 4
13 16 31
17 21 13
14 16 27
6 6 19
8 11 34
20 0 13
1 5 19
6 8 24
13 17 7
2 6 7
13 15 32
6 8 25
11 14 5
1 4 4
22 0 21
8 10 28
2 5 35
17 19 15
12 15 1
9 12 36
20 23 33
19 20 28
1 5 9
8 10 35
23 3 12
11 13 39
13 16 38
15 17 14
19 21 22
12 16 19
13 17 4
17 18 39
13 17 21
3 6 4
5 8 32
14 19 35
9 13 34
9 12 9
7 9 27
5 9 35
17 20 26
17 21 28
21 1 10
21 23 8
15 19 21
7 10 4
18 21 33
0 3 3
4 8 8
2 5 30
8 10 39
11 14 38
9 12 26
10 13 1
0 2 37
1 4 28
18 21 30
13 16 28
12 16 34
12 17 8
11 14 30
3 7 35
7 10 2
13 18 25
4 8 1
8 9 3
21 0 26
8 12 7
3 6 20
13 16 23
10 12 23
19 20 9
6 9 5
7 9 27
6 8 38
8 12 17
0 0 25
1 5 8
21 1 22
11 15 16
5 7 19
19 21 16
15 19 10
9 12 4
0 2 32
1 5 26
2 6 35
18 21 20
11 14 6
12 12 24
1 3 14
21 0 14
5 8 28
8 12 29
4 7 13
18 22 27
2 6 36
22 3 20
11 14 10
0 5 34
20 21 31
17 19 35
16 18 29
8 10 25
8 11 17
23 2 15
16 18 20
3 7 24
23 4 31
15 18 18
19 21 37
15 19 38
4 6 39
11 13 39
16 20 10
17 21 22
7 12 2
10 14 22
16 19 26
1 4 35
7 11 14
18 23 10
4 8 22
4 6 25
14 16 20
19 22 40
21 23 6
15 18 2
18 20 2
14 16 12
16 18 34
0 2 34
7 10 3
23 2 20
5 8 13
12 15 35
15 17 39
20 23 26
10 13 26
6 9 20
9 14 9
7 10 35
11 12 6
6 9 7
18 21 33
15 16 11
16 19 20
4 8 36
0 2 23
7 10 25
22 1 33
20 0 23
5 7 29
9 11 2
9 14 21
0 4 14
10 13 11
11 14 7
21 1 39
1 3 30
4 9 20
23 2 25
8 10 28
16 17 13
10 15 23
8 11 34
13 17 17
5 8 30
22 2 16
1 3 38
4 7 33
4 8 13
19 22 36
9 13 17
9 10 39
18 20 7
20 0 40
11 14 18
19 23 29
7 11 6
7 10 5
15 19 37
1 3 33
16 20 12
8 11 16
6 9 27
17 18 5
14 18 34
13 15 33
19 22 14
20 0 37
18 22 28
6 10 7
8 10 32
17 20 25
14 17 36
9 12 13
23 0 36
16 21 17
13 16 1
2 4 13
12 16 13
20 23 14
2 5 25
19 23 33
14 17 13
21 0 27
6 9 33
21 0 13
19 23 30
0 2 16
12 14 14
7 10 9
1 4 2
21 0 29
17 19 4
0 2 22
11 12 38
22 1 35
23 1 35
22 2 16
20 0 17
13 17 35
1 3 38
17 20 14
18 21 15
20 0 37
22 1 22
17 20 32
18 20 20
18 22 39
23 1 18
9 13 11
2 7 32
13 14 16
7 10 4
8 11 13
17 21 5
21 23 24
20 23 28
10 13 38
10 12 31
6 7 7
17 21 6
22 1 28
4 5 20
6 8 24
2 6 40
3 4 38
1 5 4
18 21 11
13 16 25
15 17 15
4 7 35
10 14 20
3 5 40
18 21 13
8 11 36
2 4 22
23 3 27
12 16 31
17 20 8
12 16 5
16 19 26
11 16 12
13 16 38
0 2 29
8 10 15
2 4 40
23 1 36
5 8 20
0 3 40
9 11 17
0 5 17
12 15 9
22 2 5
14 15 2
9 10 6
14 17 30
14 17 22
21 22 33
5 6 11
9 13 32
18 21 33
14 17 4
2 5 13
17 21 25
21 0 23
8 11 27
23 2 15
3 6 26
4 7 26
7 9 36
10 12 14
22 0 39
2 5 37
22 1 21
12 14 33
23 2 11
17 21 6
22 23 34
21 0 13
21 23 20
12 17 17
1 4 33
1 4 6
16 17 35
18 20 21
23 2 26
20 0 33
1 2 29
4 7 37
6 11 34
9 10 7
18 21 21
6 8 33
13 16 10
16 18 18
11 15 35
13 18 32
13 15 18
7 11 29
11 13 8
20 0 22
9 13 28
0 2 20
19 0 9
23 0 7
2 6 26
9 12 23
3 7 34
7 11 1
5 8 21
15 16 30
15 18 23
12 16 23
3 6 1
1 3 17
22 0 28
20 22 7
4 6 10
1 4 18
8 12 29
12 15 26
12 14 28
6 9 37
6 10 19
3 7 17
22 1 34
21 0 26
4 6 17
13 16 8
12 16 8
17 22 35
9 13 30
16 19 38
16 20 18
8 11 26
12 16 34
3 5 8
15 18 21
22 0 38
1 4 4
10 16 5
8 10 22
23 2 29
7 9 1
11 15 25
1 3 16
23 3 31
1 4 4
1 3 8
19 21 35
0 4 19
23 1 7
21 0 11
11 15 5
0 4 12
21 0 36
6 10 9
17 20 17
15 18 20
12 16 34
7 9 26
23 0 25
19 23 17
19 21 33
22 1 9
1 5 40
7 9 20
9 12 27
11 13 8
7 11 16
22 1 22
1 4 2
2 6 8
9 13 28
11 15 26
10 13 28
19 23 6
9 12 36
5 7 22
10 11 10
18 21 17
1 6 21
14 17 30
19 0 5
7 10 11
20 0 37
7 9 9
13 16 6
10 16 24
6 9 22
1 3 11
23 4 7
15 19 37
15 19 9
11 15 12
11 15 7
13 16 2
12 13 19
4 6 29
13 17 32
13 17 2
2 5 23
4 8 39
0 1 23
22 3 1
5 8 4
4 7 38
22 0 10
5 8 2
9 12 32
16 20 16
1 2 19
7 10 16
22 2 40
9 12 14
15 18 34
13 17 14
17 19 21
13 17 3
3 6 15
10 13 32
19 21 17
2 6 9
17 19 9
0 4 32
21 1 22
2 4 40
15 16 8
9 13 14
21 1 40
15 19 35
10 13 24
21 0 17
2 6 12
4 9 28
6 8 26
22 1 34
21 23 18
19 22 16
11 15 28
7 10 27
5 9 27
2 4 38
16 19 3
8 12 13
0 2 20
4 7 30
6 8 3
20 23 23
17 19 9
21 1 37
7 10 13
8 11 37
13 17 18
15 17 15
22 1 7
15 19 13
7 9 10
19 21 12
14 17 11
9 12 40
12 16 11
12 14 21
21 0 18
11 14 34
4 7 4
19 22 24
6 10 39
9 14 35
7 10 9
13 15 24
8 11 32
21 23 7
10 14 7
4 7 35
9 12 19
11 15 34
20 23 28
4 7 7
18 20 21
6 10 35
20 23 18
17 20 10
19 20 31
15 18 25
5 8 16
1 3 17
0 2 34
5 8 18
23 2 35
18 21 9
15 17 28
9 11 18
23 3 4
19 23 4
3 6 29
18 20 36
4 8 1
16 19 2
23 3 36
14 16 36
18 21 39
22 23 18
13 15 7
14 17 9
9 10 11
16 19 3
6 10 10
18 22 2
5 6 11
20 23 19
10 13 3
3 7 26
1 3 3
10 12 26
10 10 11
12 15 6
2 5 34
8 12 34
17 20 23
8 11 9
3 5 16
10 11 34
10 12 4
6 9 16
18 22 4
23 3 21
2 3 22
21 1 3
21 23 3
5 8 40
15 18 32
20 23 18
5 8 37
0 4 22
4 5 35
19 20 7
9 11 26
21 23 12
8 12 7
14 17 24
9 11 39
11 13 3
19 23 33
16 19 35
11 12 30
0 4 35
6 8 19
18 20 15
1 4 9
22 1 34
19 22 34
7 9 1
17 20 15
2 5 9
16 19 29
5 9 15
2 4 27
22 2 4
4 7 11
17 21 34
14 16 12
5 7 26
8 10 7
4 7 20
15 17 5
3 6 12
6 10 23
20 22 31
6 9 24
11 15 23
8 12 11
5 8 36
5 8 8
22 2 9
8 11 35
1 4 27
17 21 39
10 13 25
8 11 8
18 21 11
1 5 19
4 6 26
6 9 14
2 4 16
20 22 37
2 6 13
1 5 22
10 12 27
4 7 4
11 14 11
2 6 25
10 11 39
7 10 32
19 21 3
4 6 23
4 5 13
23 3 21
16 20 19
7 11 14
21 23 12
11 14 38
22 2 18
11 15 17
19 22 12
18 20 31
18 22 27
18 20 30
18 21 13
5 8 11
5 7 40
8 10 23
16 19 1
12 15 20
5 7 7
10 13 30
8 11 1
7 9 38
8 10 26
0 3 7
20 0 15
20 0 24
9 14 36
8 9 20
13 15 13
22 2 7
12 14 3
4 6 11
2 5 32
11 14 18
15 18 35
22 1 8
21 0 13
1 3 18
7 9 29
16 19 38
6 10 19
20 0 33
10 13 12
3 7 22
19 22 21
22 2 21
6 8 10
8 10 31
9 12 16
5 9 19
16 18 13
20 1 5
19 21 6
19 0 15
8 10 6
23 1 27
4 5 2
12 15 6
7 9 38
17 20 25
7 10 15
4 8 20
17 20 3
10 13 40
12 15 36
10 15 32
6 9 8
4 6 25
0 3 12
4 7 2
17 21 17
5 8 40
6 8 30
10 13 36
15 18 1
5 7 25
8 10 7
11 14 40
3 6 6
6 9 25
7 10 14
22 2 25
2 4 32
23 2 40
11 13 24
2 5 33
20 23 4
16 19 8
20 23 29
12 14 37
14 17 31
16 19 22
22 23 10
13 15 22
0 3 11
14 18 27
3 5 1
5 7 28
15 20 38
14 16 18
15 19 2
0 5 22
21 1 18
16 19 36
5 6 37
9 13 40
21 0 30
8 11 32
0 3 37
12 13 30
2 5 35
16 18 14
19 22 21
8 11 8
6 10 27
8 10 17
14 17 4
4 6 7
13 16 11
0 3 4
21 0 18
23 1 37
14 17 22
21 0 5
15 19 5
3 7 38
12 15 16
2 3 33
16 19 14
6 8 10
8 11 25
18 21 10
3 7 28
10 14 33
22 1 5
4 6 31
1 4 13
6 10 16
18 20 29
3 7 11
10 13 10
0 2 16
15 18 10
20 0 24
10 13 28
22 2 39
21 23 2
14 16 8
16 18 40
1 3 6
23 2 15
7 8 17
0 3 4
23 3 33
11 15 21
10 12 7
2 6 1
12 17 40
16 18 3
13 16 32
9 12 11
12 15 29
17 20 21
0 4 30
15 19 14
12 14 37
20 0 33
20 21 39
3 6 26
22 0 22
6 9 39
20 23 9
13 16 25
21 1 33
16 20 3
6 11 30
22 1 17
22 0 35
22 2 12
0 1 2
19 21 12
7 9 38
4 8 34
21 22 28
5 7 23
3 5 24
11 14 31
10 12 12
4 6 25
14 16 38
18 21 8
10 14 12
20 0 13
6 9 14
12 13 34
0 3 16
2 4 7
6 9 18
12 16 39
22 0 30
3 6 19
11 15 22
5 11 37
13 17 3
15 18 21
2 5 15
22 2 27
22 1 24
14 16 28
20 22 33
2 5 31
23 3 33
22 1 1
8 12 2
21 23 12
13 15 20
10 11 9
23 2 24
21 0 19
3 5 27
11 14 19
20 23 31
3 4 8
13 16 11
10 13 15
4 6 16
16 19 33
21 23 36
3 7 16
22 23 7
1 5 13
11 13 28
11 13 29
5 8 31
22 3 31
19 22 40
3 6 28
5 6 23
20 21 20
15 18 10
14 17 11
0 5 31
10 14 37
20 23 8
9 12 8
10 12 8
7 10 40
19 21 38
2 4 1
2 5 12
23 0 12
12 15 39
9 13 18
18 21 17
13 16 13
5 8 3
11 15 26
8 11 10
10 13 26
8 11 34
23 3 38
16 19 30
20 0 40
3 7 34
22 3 15
20 1 35
21 3 10
19 22 24
8 9 26
6 10 21
12 13 6
15 18 6
19 22 38
16 19 29
2 4 5
11 14 29
23 1 10
15 17 27
6 10 1
17 18 36
10 13 25
22 1 28
10 13 23
8 12 10
17 20 19
19 21 30
16 19 18
8 10 21
5 8 13
23 2 35
9 12 28
9 11 4
7 10 5
6 10 22
23 3 19
9 12 4
6 10 5
13 15 26
18 22 34
9 12 7
10 13 2
20 23 27
21 0 35
9 13 34
17 20 36
17 19 29
13 18 2
8 11 6
21 23 16
6 9 8
9 11 11
4 7 20
19 23 17
9 11 14
21 1 12
19 21 30
4 4 19
20 22 12
16 18 39
0 2 39
0 3 33
20 21 9
20 23 14
21 0 7
23 2 15
16 19 21
9 12 1
17 19 21
4 6 32
2 5 19
16 18 7
18 19 8
4 7 33
17 20 23
7 11 25
17 20 8
21 1 32
15 19 6
16 20 37
0 2 17
5 8 15
21 1 29
15 21 11
13 18 38
18 21 5
8 10 27
6 8 28
0 4 19
5 8 27
14 17 2
2 5 11
2 4 38
8 9 15
22 0 23
21 0 3
11 15 34
6 7 24
23 3 15
22 2 20
14 15 20
2 5 8
5 8 16
21 23 14
17 22 10
21 23 21
0 1 17
23 3 40
2 5 36
23 2 19
2 2 31
5 9 34
3 7 32
12 16 31
16 19 4
13 16 25
12 15 30
7 9 22
3 5 22
12 16 9
18 20 29
15 19 2
2 5 34
5 9 23
14 16 5
10 13 11
23 4 14
17 22 27
18 21 11
14 17 2
18 21 25
21 23 10
21 1 27
19 21 8
4 7 3
16 19 21
1 4 18
8 11 1
18 21 1
20 23 1
11 16 26
16 20 6
15 17 28
7 9 11
23 2 28
11 15 32
14 18 19
9 10 16
15 18 28
13 17 7
12 14 19
13 18 16
12 15 1
19 22 16
1 4 38
0 4 15
1 3 1
23 1 20
12 16 25
0 4 32
2 6 6
2 5 39
23 1 24
19 23 6
17 19 40
9 12 13
12 16 38
16 20 29
5 7 6
21 23 30
14 17 8
16 21 8
18 22 13
7 9 2
16 20 3
8 9 20
14 18 26
20 23 34
16 19 28
16 19 14
9 11 32
3 7 22
9 11 28
3 5 3
3 7 39
22 0 1
0 2 25
23 2 15
14 19 37
16 19 33
23 1 33
22 23 6
18 21 2
21 0 6
14 16 6
1 3 30
20 23 25
3 6 12
16 19 40
22 2 27
5 7 21
17 20 1
11 14 8
19 21 4
6 10 12
5 8 7
20 0 21
3 5 4
8 12 33
9 11 24
6 10 38
1 5 17
16 20 38
23 2 26
23 3 36
8 10 28
11 13 15
20 22 38
13 15 21
15 18 3
11 13 15
9 11 22
0 3 36
2 5 5
22 1 11
15 17 10
12 13 5
4 6 13
18 19 18
0 3 40
16 18 5
20 21 39
6 9 5
12 15 23
18 23 14
8 10 10
18 20 21
4 7 9
10 14 2
17 20 14
18 21 12
17 20 1
14 16 14
0 4 7
16 18 10
7 8 23
11 14 24
9 12 12
19 22 34
5 9 25
12 15 11
7 11 35
4 8 37
8 12 25
12 13 24
14 18 22
7 10 37
15 16 4
11 15 4
15 19 8
10 13 22
0 2 3
12 14 26
19 22 8
21 0 17
1 4 18
10 13 23
2 6 11
20 23 7
10 12 24
17 20 17
4 7 9
5 9 37
22 1 29
13 15 25
11 13 15
23 1 35
6 6 12
23 0 25
15 19 22
21 2 1
1 3 22
2 5 25
15 18 18
1 4 20
10 13 13
6 7 29
19 21 24
22 2 18
19 20 20
10 14 33
23 1 32
12 15 33
3 7 19
8 10 32
9 13 19
20 22 35
1 2 13
11 12 39
13 16 20
1 4 23
10 13 11
23 2 37
22 1 22
4 7 17
18 21 31
2 7 4
10 13 14
9 11 16
10 14 3
3 7 27
15 18 3
14 17 35
13 15 23
2 4 2
1 4 16
19 21 37
14 19 15
5 7 23
7 9 2
8 10 20
13 17 13
13 15 40
19 21 2
20 22 9
16 20 27
9 12 28
14 17 35
14 16 17
23 2 3
18 0 37
11 13 30
8 12 37
10 14 24
22 2 18
22 1 16
14 18 27
12 14 32
13 15 25
18 22 8
7 9 25
23 3 26
16 20 7
9 13 21
0 3 30
11 15 16
19 21 24
23 3 30
6 9 14
8 10 28
22 1 23
19 22 4
16 20 33
0 5 9
19 22 6
7 8 20
18 21 29
2 5 8
7 10 15
22 1 34
7 11 22
23 3 25
7 10 10
7 10 4
4 7 10
20 0 39
7 11 9
19 22 27
8 11 32
22 1 27
8 12 2
10 14 31
11 15 28
23 3 10
18 21 18
21 23 3
21 0 16
13 17 11
21 23 11
13 17 35
13 15 11
1 4 39
21 0 40
4 6 33
8 9 19
13 17 21
10 13 7
18 21 5
1 4 9
18 21 8
16 20 4
9 13 26
7 10 25
6 9 19
22 0 29
23 3 33
1 5 28
21 0 31
20 0 9
10 14 39
22 0 32
2 6 40
16 19 38
14 16 5
8 12 17
12 15 11
14 18 4
20 0 35
1 3 23
21 22 27
20 23 37
8 12 20
22 2 20
8 11 36
7 11 8
11 14 26
12 17 18
16 18 18
5 9 39
6 9 25
19 23 35
10 14 8
17 17 17
2 5 23
20 22 25
23 4 26
23 2 32
13 17 35
0 3 6
2 4 33
3 3 20
9 12 36
18 20 2
8 11 20
10 13 33
1 3 22
1 3 15
19 22 1
19 22 13
4 7 2
9 13 3
2 6 38
17 21 16
0 3 9
15 18 26
13 16 3
19 23 1
3 5 24
10 15 28
23 1 34
18 20 29
5 8 28
9 11 1
6 8 38
7 8 33
17 20 27
14 16 13
10 15 12
15 19 36
19 22 2
12 16 6
20 0 38
16 19 1
23 3 12
15 18 33
5 8 9
13 16 29
19 22 36
23 3 13
23 2 22
15 15 12
20 22 37
19 21 29
3 5 19
15 17 32
13 15 7
9 12 38
17 20 20
0 2 21
4 6 23
1 6 34
22 1 25
12 16 4
22 1 32
6 9 9
8 10 31
19 22 2
20 21 3
22 0 36
14 18 31
10 12 27
17 19 18
1 5 38
23 2 25
23 3 31
16 19 34
7 11 12
11 14 10
5 5 19
10 12 39
10 12 38
7 10 22
5 9 1
8 11 12
22 1 17
10 14 15
9 12 33
10 15 3
20 0 27
3 5 16
2 4 5
10 11 39
12 16 4
4 7 16
15 18 35
6 10 38
20 23 23
2 5 8
11 14 14
9 11 33
23 1 20
4 7 40
20 23 4
23 2 13
20 20 32
19 22 1
17 21 4
13 16 23
19 22 3
20 22 14
17 20 4
12 16 15
6 9 25
5 9 4
4 9 18
21 23 38
18 21 25
7 11 6
20 0 26
4 6 23
9 12 34
8 10 38
5 8 10
20 23 40
19 22 13
3 6 4
1 5 1
19 22 27
10 12 9
19 23 31
16 19 22
10 13 34
0 2 21
19 21 7
17 20 27
5 9 6
0 5 4
10 15 1
13 16 34
11 15 13
18 22 22
16 20 34
19 23 15
2 4 7
23 2 16
6 8 17
10 14 36
14 19 36
21 0 13
1 4 31
21 1 34
20 23 27
2 5 10
2 5 26
10 11 26
22 2 15
4 7 23
15 19 22
8 11 33
8 10 3
1 2 8
13 16 31
20 0 22
0 3 39
22 0 25
10 15 19
16 20 13
22 0 19
2 5 2
4 7 23
4 5 33
11 16 19
13 16 14
17 22 30
7 10 25
12 16 16
23 1 6
22 0 31
4 8 3
23 0 1
14 18 21
16 19 26
7 9 30
22 1 23
6 10 36
8 9 34
10 13 30
3 7 20
9 13 24
17 21 30
19 22 29
20 23 16
21 0 31
19 20 40
16 20 13
7 10 17
16 17 1
15 20 18
4 6 34
8 11 37
9 13 38
0 3 23
11 11 34
21 0 33
6 8 36
18 20 39
18 22 2
2 6 8
18 22 9
22 0 2
1 3 39
20 21 5
8 12 26
3 7 16
18 22 36
18 22 28
0 3 5
10 12 31
17 19 24
17 20 34
1 5 31
12 16 38
13 16 7
14 17 37
20 23 4
1 3 13
15 18 24
13 15 8
20 23 2
9 13 40
5 8 10
18 22 26
17 21 12
15 18 35
13 16 3
14 18 16
4 8 12
20 23 20
11 16 21
21 0 31
4 7 34
16 19 4
14 18 10
21 1 16
16 19 31
15 17 21
0 3 21
8 12 16
19 23 25
15 18 25
9 10 30
2 5 7
13 16 15
2 5 17
9 11 33
2 5 26
13 17 22
21 1 30
5 9 20
21 1 33
22 21 20
3 5 35
21 0 36
8 12 15
11 14 35
23 4 17
21 23 14
17 20 37
16 20 26
9 10 27
6 9 15
6 10 22
7 11 29
13 17 6
16 19 3
0 4 17
5 9 15
22 1 37
7 10 1
2 4 1
11 13 3
6 9 38
11 14 23
4 10 26
23 4 24
2 5 38
7 9 32
5 10 23
20 22 24
0 2 20
21 1 15
4 6 23
21 23 18
13 15 40
16 19 1
20 23 40
19 21 17
10 13 28
15 19 2
4 8 18
3 6 40
15 18 11
12 14 35
11 14 23
22 3 10
8 10 14
17 20 24
1 3 6
16 19 12
10 13 26
1 4 9
1 3 35
8 12 23
2 4 29
5 8 15
6 8 27
15 18 11
23 1 7
3 5 38
5 7 27
23 3 11
0 3 13
22 0 21
17 21 18
22 1 8
3 6 7
3 5 8
12 15 5
3 4 27
10 14 16
23 3 13
18 21 7
7 10 32
21 2 24
7 12 10
16 20 28
8 11 33
17 20 36
6 8 27
13 16 39
22 2 28
10 13 35
1 3 7
2 6 27
0 3 11
7 9 38
17 18 2
20 21 19
2 4 20
19 23 22
5 9 30
17 20 17
5 7 13
0 2 6
17 20 28
5 8 40
17 18 7
19 20 29
3 7 7
8 13 24
19 21 35
2 6 9
18 22 6
6 9 2
0 3 12
19 23 23
12 14 4
7 10 13
9 12 16
9 11 8
0 3 8
19 21 1
9 11 18
18 22 11
0 4 5
1 7 20
16 20 37
13 15 23
7 10 21
8 12 21
16 20 7
0 3 1
19 22 31
10 15 19
16 19 3
14 19 36
3 6 28
19 22 32
3 7 12
21 0 31
5 6 20
23 3 13
6 8 32
23 3 37
23 3 23
16 19 7
18 21 7
4 7 22
14 17 16
14 17 23
17 23 40
6 8 19
21 0 25
1 5 5
0 4 21
19 22 33
7 11 20
0 3 21
12 16 35
5 10 39
22 0 16
11 14 13
16 19 9
7 10 4
7 10 19
1 4 11
16 19 11
7 10 38
16 21 13
13 17 9
0 3 33
10 14 27
7 9 26
18 21 7
19 21 5
4 6 18
13 15 5
18 21 23
21 0 39
3 6 1
13 15 7
23 3 17
0 2 40
18 22 2
5 9 22
16 19 19
6 9 9
15 19 16
18 21 16
20 0 30
16 20 17
1 4 8
21 0 10
10 12 27
20 1 40
13 17 17
18 21 21
16 18 33
12 14 11
22 3 5
15 18 34
1 4 21
10 12 38
17 20 38
3 8 30
12 15 19
5 7 34
21 2 28
10 13 7
22 3 5
13 17 14
13 16 23
1 3 10
9 12 28
22 2 8
4 8 1
23 3 29
7 10 10
22 1 26
5 8 9
21 0 17
16 21 14
18 22 23
2 6 23
1 3 16
1 4 7
7 11 12
9 12 13
8 11 6
23 2 35
1 5 4
10 14 28
22 2 36
4 7 35
17 20 39
8 10 29
16 19 7
19 22 9
6 6 28
12 15 9
23 1 2
12 14 9
10 13 15
22 1 35
7 11 37
10 12 19
5 8 28
9 12 34
4 7 1
22 1 18
13 17 23
5 7 2
10 14 6
11 16 21
0 3 25
7 11 7
5 6 20
20 22 6
2 5 17
13 16 29
4 6 17
11 15 20
16 19 2
21 2 16
18 21 38
9 12 20
12 16 10
9 11 27
3 5 6
17 21 5
14 18 25
1 4 36
3 4 30
19 22 39
7 11 3
17 21 10
13 17 32
20 0 28
22 1 37
12 14 2
19 23 34
6 9 3
4 9 7
15 17 40
0 2 34
16 17 10
17 20 17
2 6 19
23 3 34
13 16 6
8 12 26
6 10 12
4 7 35
17 19 17
13 16 31
4 7 9
17 19 18
9 12 24
6 9 17
19 22 9
2 3 33
8 12 22
11 14 14
21 0 25
12 14 38
13 17 15
17 21 28
7 7 28
10 14 37
12 15 34
8 12 34
22 1 32
5 9 28
11 15 31
14 17 28
20 21 20
10 12 20
14 14 32
1 3 1
5 9 13
15 19 30
18 20 25
5 10 25
20 23 24
22 2 23
7 8 34
18 22 14
18 22 4
22 23 35
19 23 8
15 18 32
4 7 35
11 14 33
7 8 36
5 9 8
10 14 35
19 22 37
5 8 1
23 1 25
7 10 9
13 16 27
12 17 20
9 10 20
13 16 30
14 15 19
3 5 27
16 20 23
2 4 4
6 9 7
5 6 37
14 18 32
0 3 34
21 23 35
13 16 40
11 16 10
22 1 31
12 15 1
8 11 20
7 10 32
10 12 18
4 7 26
3 6 22
14 17 9
7 8 26
18 21 39
2 6 15
10 12 27
14 16 4
18 22 33
9 11 33
10 12 1
9 11 37
13 16 11
3 5 17
10 12 27
17 21 39
2 6 24
22 1 28
2 4 39
19 21 12
4 7 19
18 20 24
1 4 36
5 8 6
13 17 9
10 11 33
9 11 18
20 0 28
0 0 40
6 9 29
11 13 34
6 11 25
6 9 22
4 7 23
16 20 6
8 11 33
4 9 15
17 19 34
15 19 4
15 19 18
9 10 19
5 8 24
9 12 36
13 15 9
8 9 39
15 18 20
6 9 7
18 23 9
13 17 14
12 16 18
13 18 36
6 9 2
3 6 29
9 13 30
4 5 6
16 19 22
0 4 39
21 0 9
23 2 18
11 13 22
16 19 8
7 10 13
18 19 39
4 7 34
5 8 9
14 18 15
13 17 6
5 7 19
3 6 27
18 20 20
13 15 15
10 11 29
13 14 24
20 23 27
11 14 38
8 12 8
21 0 10
18 21 20
23 3 13
11 15 12
7 9 29
2 6 8
23 3 2
18 0 37
14 18 6
4 7 32
13 16 2
15 20 11
2 4 17
10 12 29
11 14 35
22 0 39
18 18 2
19 22 34
3 6 38
19 23 38
10 12 32
20 2 32
3 6 2
4 7 30
21 1 20
21 23 19
11 15 1
8 11 27
12 14 37
5 9 7
15 19 31
12 15 5
13 16 4
4 7 23
9 11 19
13 15 27
9 12 8
1 4 9
9 14 33
23 2 23
11 13 4
19 21 26
4 6 36
4 8 23
9 14 32
18 22 18
1 5 29
8 11 16
12 14 31
3 7 33
7 9 14
3 7 25
8 12 26
22 2 28
13 17 17
22 1 30
17 20 18
15 19 16
22 2 10
11 13 37
15 17 11
9 11 3
11 15 19
11 15 35
15 18 20
14 17 4
18 20 15
5 7 29
22 1 36
21 0 25
0 3 30
6 10 34
20 22 11
18 20 16
14 18 13
21 23 32
1 6 10
7 9 8
0 2 2
4 5 13
12 14 23
16 18 2
17 20 4
7 12 22
15 18 26
20 23 38
12 14 30
17 18 37
18 20 11
0 4 34
16 19 31
2 7 24
14 19 12
9 11 11
8 11 27
7 10 26
2 4 26
5 8 23
17 19 26
8 12 25
0 3 21
22 0 37
23 2 23
8 11 35
1 4 19
21 0 33
2 6 4
7 9 5
13 16 7
12 14 37
18 21 22
21 22 10
1 4 17
9 13 29
2 5 9
23 0 3
8 11 25
11 16 17
17 20 17
0 3 31
11 14 4
11 15 25
2 4 14
0 3 21
14 18 20
19 23 40
13 16 26
23 3 30
9 13 24
19 21 24
1 5 12
1 5 5
6 9 5
20 23 24
9 12 22
17 20 1
10 12 11
20 22 14
23 2 6
7 9 8
17 19 4
4 7 32
0 2 39
21 1 2
14 18 40
20 21 15
1 3 13
2 5 34
16 19 6
21 1 35
19 21 3
12 15 7
21 23 16
1 3 35
19 22 14
17 22 25
8 12 11
5 7 3
6 10 19
6 9 23
9 13 4
13 18 16
2 5 28
6 10 14
10 14 9
18 23 36
0 5 3
18 21 9
4 5 36
8 12 19
15 18 10
4 6 38
7 11 5
18 21 10
5 8 29
1 4 36
23 3 36
11 14 11
18 20 13
5 8 8
19 0 15
21 0 23
22 1 34
19 23 26
13 17 31
22 0 8
15 18 4
22 2 38
1 3 13
21 23 15
1 3 4
16 19 38
10 14 37
6 10 22
18 22 6
7 11 21
22 0 10
16 20 11
9 12 30
11 13 28
9 12 4
1 6 33
3 8 9
17 19 29
6 10 35
12 12 6
11 12 22
18 21 28
23 2 35
10 13 33
17 20 13
3 6 35
1 3 5
9 12 28
19 22 4
23 2 16
21 23 39
22 1 13
6 9 28
23 2 36
4 7 32
10 13 30
13 14 15
7 9 30
21 23 26
19 21 19
13 15 15
22 0 25
22 2 3
17 20 2
5 8 23
15 19 20
10 13 4
13 15 13
10 12 33
19 21 4
16 20 7
11 14 14
23 0 23
2 5 33
23 4 3
11 14 31
11 16 25
5 9 10
19 0 20
5 9 19
17 19 7
9 12 32
14 17 34
3 7 39
22 23 26
5 7 1
21 1 7
14 17 40
2 7 26
1 3 30
6 8 12
14 18 10
12 16 37
21 23 11
22 0 4
8 11 19
16 18 12
9 13 2
12 14 27
16 19 39
8 10 27
5 10 33
21 0 8
9 10 18
14 18 29
21 1 36
16 19 16
8 11 18
8 11 25
19 21 32
14 18 23
15 18 27
4 7 40
11 12 23
9 13 26
22 1 2
21 23 3
3 9 35
21 1 26
6 10 15
2 6 6
1 4 28
19 0 7
21 0 3
6 9 34
3 7 19
3 7 26
12 16 8
14 15 2
21 1 2
12 16 13
5 8 27
0 3 34
22 1 31
0 4 15
8 12 1
6 8 32
23 1 12
16 21 6
6 10 37
14 16 24
13 17 22
19 23 17
10 11 29
17 18 33
23 0 22
19 22 30
13 15 40
4 7 7
6 9 6
1 5 12
16 19 6
11 14 12
0 2 21
16 20 6
13 16 15
16 17 30
14 18 10
2 4 16
10 12 36
11 14 4
9 13 3
6 9 8
23 3 8
12 17 15
14 17 14
0 3 6
12 16 27
17 20 27
21 22 27
23 2 34
12 15 26
1 4 17
1 3 10
15 18 38
14 18 19
9 12 22
20 22 30
5 8 6
5 9 20
11 14 21
9 13 25
13 18 18
0 3 27
3 7 12
8 11 36
21 1 4
16 19 20
20 0 19
6 9 17
9 11 5
5 8 5
18 20 25
17 19 15
18 21 14
0 3 11
17 18 7
14 17 21
15 18 19
22 22 35
13 14 28
15 19 14
21 23 39
22 2 25
9 13 39
23 2 26
8 11 40
14 16 7
20 0 26
16 18 11
7 9 25
2 6 36
12 15 5
9 11 7
19 22 29
15 17 8
20 22 25
19 22 31
18 21 26
16 19 21
23 1 18
1 4 17
0 3 10
2 5 37
20 23 21
8 11 33
18 19 10
8 11 35
7 8 29
8 10 37
6 9 31
2 6 29
10 11 19
21 1 1
1 4 37
10 13 29
7 10 15
16 19 5
4 7 24
12 17 26
4 8 36
6 9 26
2 5 5
9 12 3
7 10 34
14 17 25
11 14 34
3 7 34
21 0 21
15 16 5
13 15 35
2 5 32
18 21 29
9 10 20
15 17 18
11 12 30
20 0 15
17 20 35
23 2 27
2 8 16
21 0 2
3 7 10
21 0 28
7 9 2
5 8 30
15 17 35
23 2 6
7 10 33
14 18 34
14 16 33
23 4 29
20 0 28
2 4 26
17 18 29
2 5 29
5 8 7
15 19 14
11 12 12
22 2 8
11 13 31
1 6 32
11 13 24
2 5 19
2 5 26
8 12 18
12 17 7
1 4 20
14 18 2
4 8 30
14 19 15
3 6 24
21 2 10
4 6 26
18 21 23
0 4 37
0 3 38
13 15 27
1 4 36
3 6 23
15 20 8
11 14 40
14 15 40
8 10 40
15 17 21
9 13 16
10 14 22
20 1 29
2 5 10
3 5 9
20 0 25
15 17 7
12 15 18
1 6 20
22 3 25
2 4 32
3 5 35
11 14 8
3 7 27
15 18 37
22 0 18
0 3 38
23 2 14
0 2 26
10 13 11
1 4 17
20 1 6
18 20 32
6 10 26
5 8 10
0 3 5
10 13 35
11 13 21
0 4 30
23 2 26
15 17 28
10 12 24
19 22 10
21 2 39
14 19 16
15 19 39
2 4 10
9 13 13
11 14 33
10 13 31
3 8 26
22 1 35
19 22 21
13 15 30
9 13 34
22 2 33
12 15 11
22 0 11
13 18 1
17 22 4
15 17 35
16 19 9
7 10 35
0 3 22
16 19 30
21 1 12
9 13 1
7 11 14
11 14 17
0 3 2
2 6 8
11 14 24
15 19 22
14 17 16
5 8 18
21 1 12
8 10 13
18 21 27
7 10 33
21 0 35
2 5 5
17 20 12
11 13 39
10 11 32
14 17 4
21 1 23
3 4 34
8 11 38
17 20 37
4 7 37
0 2 5
1 3 25
13 17 3
15 17 40
20 1 35
0 3 37
12 15 23
18 22 17
15 18 6
2 6 12
5 8 31
11 14 5
5 8 32
4 9 35
17 19 35
17 20 40
8 11 3
7 9 17
1 4 3
3 6 25
15 18 12
9 10 37
19 23 5
18 21 32
16 18 9
6 9 26
13 17 13
18 20 18
21 23 18
11 14 36
1 3 1
17 19 20
16 19 38
8 11 9
12 15 33
15 18 6
20 23 8
14 19 12
4 9 35
0 2 35
13 16 24
12 15 37
4 7 28
2 5 26
11 15 16
5 7 12
21 23 40
12 15 25
18 22 19
22 3 30
22 1 11
7 11 40
16 20 15
1 5 21
2 6 26
16 17 24
7 9 26
16 21 36
9 12 6
13 14 29
15 20 11
1 3 21
11 14 14
6 10 22
23 3 18
16 17 15
13 15 24
8 10 9
16 19 24
4 9 27
23 23 24
18 22 31
15 19 27
22 3 21
17 21 12
12 14 21
6 9 31
3 6 14
4 6 36
12 14 26
13 16 9
18 21 1
13 17 16
3 5 11
0 3 32
5 10 28
10 13 2
20 0 20
9 11 40
14 17 30
12 15 21
6 8 3
0 2 37
23 2 14
15 16 25
20 22 38
12 15 2
3 6 26
8 12 29
10 12 40
11 13 31
2 4 40
7 10 13
22 3 27
14 16 5
14 18 11
8 12 26
12 15 25
19 22 20
18 21 14
2 5 15
11 13 30
1 2 13
15 19 13
7 10 8
0 3 7
6 10 34
5 9 12
6 9 21
18 22 32
18 20 30
5 8 9
6 9 25
15 18 29
23 2 34
14 18 39
12 16 2
22 1 34
9 11 27
17 19 23
21 1 16
10 12 29
14 17 35
2 6 40
9 13 6
16 20 38
10 12 15
6 10 25
14 17 15
13 17 10
20 21 3
14 18 2
15 17 9
9 12 34
15 18 4
11 13 40
4 7 5
1 4 27
15 17 26
8 12 25
11 13 11
18 21 40
20 23 38
6 7 14
18 21 6
15 19 26
15 19 16
6 11 18
21 0 18
4 7 6
10 13 16
7 10 32
0 4 37
22 1 7
9 12 39
19 22 12
21 1 27
0 3 19
0 4 22
1 4 21
16 19 24
2 6 14
15 17 4
7 8 37
4 6 26
10 15 22
13 16 1
19 20 32
12 14 8
13 15 31
21 1 31
13 17 32
5 6 5
16 18 3
10 14 6
15 19 18
5 7 26
19 23 29
13 16 18
14 17 8
6 8 33
19 21 3
6 10 16
23 2 6
19 21 19
20 0 38
18 20 33
15 19 8
9 12 4
1 4 33
16 19 37
11 13 29
2 3 9
4 9 12
18 22 27
3 5 35
15 16 30
8 13 9
22 23 27
10 11 1
22 1 2
1 3 29
1 3 38
4 9 34
4 8 2
6 10 25
12 17 3
15 18 9
3 6 38
23 1 36
14 18 27
21 1 27
10 12 11
6 6 25
4 5 5
8 13 32
13 16 11
23 2 20
18 20 24
22 1 30
13 17 37
22 23 35
18 19 1
2 6 40
16 19 25
11 13 25
8 10 14
17 19 10
4 7 22
16 19 21
18 20 34
8 10 33
23 1 28
15 19 21
20 23 18
0 2 34
9 12 32
1 5 5
6 7 18
23 1 10
19 22 16
0 2 40
5 8 13
15 17 40
19 0 27
4 9 24
1 5 24
0 2 4
6 10 37
15 19 3
6 9 40
1 4 35
18 20 32
10 13 5
0 4 17
14 18 2
4 8 20
5 6 36
23 1 35
10 12 25
14 15 11
8 10 29
1 4 37
22 3 37
5 8 5
5 7 23
4 8 22
7 11 22
3 6 20
22 23 10
17 20 34
17 21 40
14 17 26
17 19 40
1 2 27
15 17 16
11 14 19
1 4 21
8 11 40
15 17 14
6 8 13
16 19 32
8 12 25
13 17 32
11 16 8
22 0 17
2 6 20
21 23 8
18 23 29
14 17 34
3 7 8
11 16 14
15 17 35
22 2 31
23 3 36
23 2 35
8 10 39
9 13 23
8 12 35
10 13 23
11 13 19
3 6 2
23 1 33
17 21 18
21 0 12
5 8 15
3 5 12
2 6 33
11 14 10
6 8 10
21 0 39
22 1 33
7 9 31
12 16 33
1 3 8
2 6 38
14 17 36
15 17 35
14 17 17
4 7 4
4 7 38
13 16 13
6 9 27
20 0 37
20 22 28
17 22 11
20 23 13
10 13 37
19 21 17
19 22 39
19 22 22
16 18 10
7 11 5
17 19 26
22 2 39
1 4 35
17 20 28
0 4 8
2 6 15
7 12 15
13 18 5
11 13 9
17 18 9
16 20 3
2 4 6
7 9 9
14 16 23
3 6 3
2 5 15
6 8 31
9 13 3
0 3 27
20 0 24
0 4 10
1 6 5
3 8 38
3 7 20
18 21 5
7 10 34
20 23 30
3 7 36
12 15 17
8 10 13
15 17 5
3 7 14
15 19 37
1 4 34
7 9 23
0 4 23
13 15 5
5 8 17
0 4 7
21 22 3
1 3 28
10 13 4
5 8 6
14 17 10
3 6 36
23 3 37
1 3 24
16 17 7
23 2 27
18 20 39
13 18 1
23 3 20
13 17 7
17 21 29
18 21 2
1 4 23
3 7 38
7 9 31
2 6 21
9 11 22
0 2 8
16 20 3
20 0 19
19 21 25
23 1 7
20 23 19
19 22 22
18 18 22
10 13 30
14 19 20
6 9 35
11 12 15
0 2 23
18 21 21
9 12 26
1 6 21
23 2 16
20 0 17
12 16 12
19 23 26
12 17 21
6 11 38
15 17 23
14 17 36
0 4 5
2 4 9
18 22 9
13 15 2
9 12 33
19 22 13
21 23 10
9 13 33
11 15 15
23 1 18
15 18 3
21 1 9
17 19 5
0 4 30
15 19 23
9 14 34
0 3 13
21 0 6
16 18 19
17 20 1
4 6 21
16 19 19
19 21 31
22 2 14
13 18 27
7 9 35
16 18 3
3 6 38
0 1 10
8 12 21
8 12 16
22 23 40
11 15 17
16 19 6
6 9 22
18 21 36
9 10 2
2 5 20
20 23 23
9 14 22
6 10 5
14 16 31
10 12 33
17 20 24
17 20 16
21 0 19
21 1 36
19 21 19
3 7 23
13 17 6
18 22 12
7 9 1
10 12 12
4 7 29
6 9 11
1 4 31
5 8 27
22 23 32
10 11 21
10 14 28
1 4 34
14 19 8
14 17 30
20 23 31
12 15 25
21 0 37
2 6 38
21 23 16
2 4 9
19 23 9
17 20 21
5 9 37
0 4 36
8 10 1
1 5 38
1 3 2
23 1 22
3 6 28
13 17 38
1 3 24
14 15 1
4 7 3
17 20 31
3 6 18
1 4 35
15 18 10
1 4 14
4 4 7
13 14 13
22 1 12
22 0 12
1 2 38
10 12 15
7 10 16
6 9 38
15 18 22
14 17 27
21 23 27
21 22 23
12 16 7
10 11 1
12 15 9
10 13 34
6 10 18
5 9 9
17 20 34
9 12 36
13 17 16
21 0 31
20 0 5
10 14 30
17 21 26
16 20 30
7 10 2
2 7 9
10 13 26
8 10 28
18 21 5
4 7 29
14 16 27
14 17 19
14 17 30
15 19 36
10 13 21
14 15 14
4 6 29
1 4 7
21 23 18
10 13 7
8 12 8
10 12 9
6 9 5
0 4 21
9 12 4
1 5 4
15 19 30
12 15 7
7 11 28
22 2 30
5 5 1
0 3 33
14 16 22
4 7 23
0 3 28
0 2 20
2 5 26
20 22 19
21 0 26
9 13 11
14 18 4
20 23 29
10 14 39
8 12 7
9 11 33
18 21 2
5 6 36
1 4 37
22 3 13
3 6 37
5 7 35
10 13 29
18 21 18
11 13 30
13 15 31
4 7 17
12 16 10
1 4 10
12 13 16
6 11 29
18 19 36
2 4 20
17 19 15
0 4 20
17 20 33
16 19 40
1 5 7
12 13 17
22 0 21
7 9 17
18 22 33
11 13 11
15 19 13
21 1 16
23 2 34
6 9 4
21 1 15
10 13 19
20 1 3
1 3 27
15 17 33
0 3 39
5 7 11
18 21 22
5 5 35
5 8 38
12 16 26
12 16 29
12 15 30
21 0 8
19 21 25
13 17 19
19 21 34
4 5 5
23 2 22
19 22 4
12 15 36
7 10 1
12 15 25
1 4 3
15 18 33
10 13 27
0 2 40
17 20 28
22 0 18
16 18 2
16 19 35
17 19 33
4 7 30
6 9 34
9 11 13
9 13 6
16 18 39
8 12 28
6 8 12
21 2 5
8 8 26
14 18 29
4 6 32
17 20 20
22 0 14
12 16 22
13 16 11
16 20 26
19 20 17
17 18 4
14 17 33
16 16 33
19 20 3
1 4 31
0 2 26
11 14 7
20 23 11
5 6 5
15 20 9
14 17 2
0 3 18
3 5 8
22 1 22
0 2 13
12 14 1
17 20 32
10 13 30
20 21 39
8 9 34
3 7 4
1 5 13
14 18 3
5 8 9
23 1 5
11 15 8
15 18 7
10 13 24
6 9 1
9 11 13
11 13 30
16 18 32
5 7 31
6 9 10
14 18 7
1 3 36
12 15 23
20 23 15
21 23 30
12 14 20
16 18 29
0 4 37
22 2 15
0 1 19
13 18 37
15 17 24
12 16 38
1 4 7
2 7 9
1 6 7
21 1 4
22 1 10
15 19 20
3 6 6
21 1 17
11 12 37
3 6 17
16 20 26
7 9 31
17 21 38
1 4 16
22 0 9
1 4 27
16 18 37
18 19 25
1 6 39
10 13 31
1 4 19
20 22 11
20 22 14
3 5 30
20 20 30
8 10 19
5 7 39
14 17 1
22 3 18
17 22 24
4 6 29
10 12 38
19 22 11
3 6 1
20 22 7
2 7 39
2 5 13
11 14 9
1 4 32
2 3 37
7 11 31
16 20 10
1 3 5
12 15 27
12 16 18
9 13 1
17 20 17
2 6 4
7 11 32
14 18 15
0 1 35
22 2 7
21 0 23
9 13 5
0 4 37
11 15 22
5 8 17
9 12 15
17 20 32
13 15 23
10 12 26
16 18 8
21 0 24
1 4 2
0 0 38
9 13 32
10 12 38
8 11 17
12 15 24
4 8 35
8 11 38
6 9 16
14 16 9
9 14 18
17 20 32
10 13 13
13 17 38
0 4 11
1 3 16
3 5 12
10 13 6
21 0 23
16 19 5
7 10 1
9 14 3
12 15 12
21 23 32
12 16 22
23 3 28
20 23 30
9 12 38
16 20 40
15 19 7
5 9 11
5 9 21
12 14 35
9 13 35
7 8 2
15 17 40
19 21 10
12 15 1
23 3 35
0 3 10
8 9 2
10 13 16
21 23 2
6 9 6
20 23 11
7 9 4
13 16 31
18 19 10
11 16 14
12 14 33
11 16 20
21 23 13
16 19 35
6 8 15
6 10 25
1 5 40
11 14 36
9 11 18
2 4 2
5 8 30
2 5 7
3 6 7
21 0 39
16 20 23
7 10 11
10 13 10
8 11 34
13 16 33
21 23 15
2 3 20
1 3 17
8 11 8
11 15 14
12 15 3
5 8 33
18 22 31
2 5 5
15 19 27
18 23 39
20 1 10
17 20 10
7 10 16
19 22 6
15 20 30
13 17 31
0 2 36
9 13 38
14 16 18
19 22 14
3 6 3
17 20 1
4 7 5
9 12 17
20 23 8
23 2 38
13 15 24
8 12 40
3 7 9
10 15 35
0 2 26
18 21 14
10 14 19
23 1 24
0 4 15
11 12 27
5 6 3
8 13 29
0 2 20
21 1 28
5 9 9
16 19 14
20 23 29
4 7 40
17 21 4
2 5 17
21 0 24
2 5 24
9 13 23
9 12 40
5 10 10
3 5 5
10 13 12
1 4 11
12 16 29
4 7 32
12 15 29
16 18 20
14 17 34
12 14 8
18 20 28
21 23 19
17 21 8
12 13 18
12 15 20
6 8 4
18 21 19
17 19 22
13 17 1
5 8 27
4 8 33
4 6 40
23 2 5
4 7 16
10 11 22
23 1 28
19 23 20
14 16 24
8 12 16
19 23 31
7 10 17
5 9 27
12 16 38
10 15 10
1 3 14
19 21 36
1 3 24
11 14 12
20 0 11
14 17 8
11 14 34
16 19 22
23 2 34
21 2 9
17 19 13
0 2 32
19 21 32
11 15 38
7 9 2
12 16 36
1 6 9
21 23 8
6 10 20
11 13 12
1 5 36
4 8 40
4 7 31
16 19 32
14 18 9
19 21 31
7 10 4
8 11 4
22 0 20
4 7 40
16 19 36
1 3 31
2 6 20
16 20 40
1 6 28
6 9 12
19 21 16
15 17 34
19 22 8
14 15 6
13 17 17
12 14 39
0 2 22
9 12 39
14 16 1
15 17 22
8 10 20
15 18 19
13 16 18
21 1 27
6 8 38
4 7 24
18 21 21
19 23 26
9 12 40
19 23 25
6 10 38
7 11 8
2 5 12
11 13 14
15 18 5
9 12 37
18 21 3
2 5 19
16 18 35
12 15 25
18 21 22
18 20 7
5 9 31
3 8 37
6 10 13
17 20 3
17 18 40
3 5 20
16 19 17
1 3 2
11 13 19
23 2 16
11 14 3
15 20 12
12 17 6
8 11 24
9 10 21
12 16 37
14 16 29
8 13 35
22 2 15
2 6 16
8 13 37
11 14 14
2 5 3
9 11 10
18 21 23
23 0 6
0 4 11
1 4 14
1 4 18
2 6 5
0 2 23
20 23 7
9 12 26
23 1 21
20 23 13
21 1 20
14 17 28
1 4 33
13 16 24
12 16 32
11 13 34
22 1 40
10 13 13
1 3 28
10 14 1
2 4 2
21 23 20
13 17 3
18 22 27
3 6 23
0 2 7
21 0 28
21 1 32
4 7 1
6 9 6
22 0 18
20 0 14
4 7 3
16 18 26
22 1 4
3 5 27
19 21 3
16 19 2
12 14 16
2 5 9
12 16 1
19 21 3
20 0 32
21 0 35
15 17 25
4 8 11
20 0 11
12 15 6
21 1 36
17 20 7
0 2 3
21 23 4
1 3 14
7 9 25
3 9 25
15 19 39
15 18 26
9 12 29
3 6 40
11 13 36
0 4 35
0 2 33
14 17 20
18 21 15
12 13 37
1 3 25
4 8 29
23 2 10
21 1 10
16 20 10
6 7 7
19 23 29
21 1 14
3 5 7
5 8 34
4 7 28
13 16 36
5 7 39
16 19 28
8 8 7
2 4 21
15 18 39
21 2 36
0 4 3
22 0 37
6 10 15
9 11 15
15 19 31
11 15 5
14 17 28
5 8 6
23 2 35
8 10 14
11 14 35
0 3 37
23 2 35
9 13 20
13 16 1
22 0 12
3 6 33
14 15 36
0 3 35
20 0 19
17 19 16
12 13 39
22 3 33
2 4 5
2 5 16
7 10 28
7 10 14
16 21 14
1 5 11
15 19 20
17 21 37
23 2 32
2 5 31
13 16 29
13 15 39
23 2 34
8 10 12
22 2 14
6 9 24
11 13 7
14 17 14
3 6 27
5 8 34
11 14 8
4 7 1
0 4 24
10 13 33
18 22 8
7 9 37
2 6 25
16 21 34
9 13 24
9 13 34
12 15 3
5 7 33
14 16 39
4 5 30
4 5 30
13 14 11
12 16 22
14 15 30
9 13 10
0 4 17
19 21 38
20 23 1
17 19 20
6 10 14
9 11 26
4 7 19
0 5 29
23 3 40
3 7 18
13 14 39
21 23 39
18 22 40
22 21 29
2 6 32
23 2 14
5 8 31
13 15 26
3 5 35
12 15 15
21 22 13
19 22 11
15 18 24
19 1 38
15 17 14
13 15 3
22 0 1
2 6 22
4 8 4
13 15 9
6 8 36
21 23 20
0 4 33
8 10 8
12 15 32
17 19 22
5 8 36
13 16 15
17 20 35
5 8 19
17 21 8
11 13 10
13 16 10
16 20 6
11 14 13
7 9 20
18 21 27
14 18 32
13 17 21
15 20 16
21 23 19
1 3 29
2 6 35
12 16 16
18 22 36
13 15 7
11 14 32
1 3 8
11 13 40
14 18 20
14 17 5
4 7 1
22 0 27
9 13 7
5 7 10
15 18 1
1 4 35
6 8 16
13 18 8
0 3 11
18 22 11
13 17 25
20 23 11
0 3 34
8 12 5
20 22 5
6 9 2
17 20 20
3 6 33
15 18 37
0 3 23
6 9 7
19 22 29
3 5 25
4 9 12
19 21 11
13 16 2
7 10 18
12 16 7
6 11 6
10 13 37
7 10 22
11 16 40
9 12 6
8 11 37
10 12 17
13 17 13
4 7 17
21 0 29
18 19 19
15 17 16
18 20 28
18 20 6
21 23 36
23 5 2
4 7 14
14 18 2
12 15 12
5 8 17
10 11 29
21 1 16
23 1 3
1 5 30
5 9 31
5 6 40
10 12 31
16 18 40
3 4 11
2 6 17
10 12 23
13 17 36
22 2 19
12 14 37
11 13 30
4 7 22
9 12 40
1 2 3
3 5 13
14 16 37
10 14 29
12 15 30
5 8 39
1 3 18
12 16 2
16 18 14
7 10 17
22 3 32
6 10 3
7 10 5
16 19 16
23 3 40
9 11 35
12 16 9
8 12 39
7 10 4
0 3 40
7 9 37
1 5 8
5 8 2
15 19 39
8 11 24
7 10 21
19 23 23
7 10 21
6 9 18
17 20 37
9 12 7
0 4 19
1 4 13
13 15 15
23 2 34
22 2 29
23 2 40
7 10 29
1 4 13
16 19 12
3 6 6
4 7 1
7 10 14
6 8 26
10 14 18
10 12 11
14 17 15
14 16 14
5 8 13
10 13 36
8 11 27
14 17 8
19 22 24
5 8 14
16 21 40
8 11 9
17 21 1
2 5 37
7 11 4
8 10 4
2 5 3
4 7 21
13 17 27
7 10 18
3 6 38
10 11 3
0 2 28
11 14 30
13 17 37
2 6 11
9 11 8
10 13 5
9 12 20
5 8 26
12 16 36
