10000 60
1 38 29 19 28 35 16 21 39 22 51 36 52 16 47 50 35 11 1 39 3 54 49 27 33 56 12 2 51 31 32 29 24 43 3 22 3 3 39 26 20 53 52 41 35 17 50 51 57 52 27 20 26 9 26 17 35 12 13 31 
8 10 50
16 19 5
12 16 34
18 22 56
19 22 47
3 6 21
2 5 44
11 15 40
0 4 50
9 14 10
12 14 42
13 16 2
11 15 8
21 0 27
18 22 33
15 17 4
12 15 18
9 13 10
19 22 22
15 17 23
1 4 7
4 8 9
16 18 6
11 13 57
8 11 18
6 9 46
15 17 33
5 8 36
6 9 41
21 23 29
3 6 38
11 14 3
4 7 28
16 19 56
4 7 55
7 10 37
17 19 24
6 9 39
20 0 49
7 9 12
4 8 18
23 3 44
16 19 58
14 16 31
16 18 34
4 10 29
4 6 9
8 10 24
18 20 3
7 9 11
21 1 24
7 10 19
9 12 3
14 19 46
9 14 12
9 11 23
8 9 22
6 10 40
1 5 27
14 17 26
0 2 43
10 14 5
20 22 43
5 7 21
9 12 56
13 17 6
15 16 47
21 23 29
11 14 10
2 6 33
10 13 40
23 1 7
1 3 20
19 23 40
13 13 41
1 4 19
8 9 29
11 13 21
10 12 13
13 17 35
3 7 12
8 12 49
1 5 44
7 11 11
4 8 4
12 16 26
21 1 60
11 17 42
1 4 9
19 22 7
14 16 45
18 21 60
13 17 15
13 15 24
5 6 44
18 21 19
3 4 17
9 12 57
14 17 16
17 21 40
17 21 36
20 22 49
10 13 27
21 0 30
1 6 7
18 21 41
14 18 54
4 7 53
20 1 57
8 10 18
16 19 44
22 1 40
8 10 24
19 22 14
17 19 50
8 11 8
19 22 59
23 1 41
19 22 24
4 6 16
7 9 23
5 7 35
15 19 7
4 8 45
21 0 37
19 22 2
9 12 32
8 11 31
14 18 16
2 6 4
7 10 46
18 19 48
22 1 13
12 15 43
21 23 53
18 22 27
20 0 29
0 2 46
4 9 31
7 11 8
17 21 25
21 0 35
21 1 29
21 1 8
11 13 58
7 11 22
14 17 8
13 15 23
4 8 3
16 19 5
6 8 29
19 21 11
3 8 17
23 1 12
0 3 8
4 10 48
5 6 51
21 1 47
22 0 28
0 1 50
22 1 10
7 9 48
18 20 20
19 21 32
20 0 32
15 17 29
9 10 20
18 21 9
9 13 44
10 13 11
6 11 5
23 4 3
16 21 60
23 2 36
16 18 26
4 7 53
8 12 33
16 18 19
22 1 28
23 2 8
22 2 39
13 15 29
6 8 17
12 15 11
23 3 56
22 0 44
19 20 47
10 14 18
4 6 25
8 10 5
20 23 55
7 10 1
15 18 60
21 1 43
13 15 52
6 10 11
20 0 2
18 20 1
1 4 40
5 8 22
1 4 7
18 21 20
12 15 30
21 0 31
22 1 53
19 22 20
13 17 42
21 23 5
21 23 36
1 3 6
14 15 30
0 1 43
2 4 7
3 5 50
19 23 5
0 3 52
9 12 7
3 6 43
3 5 20
9 13 44
15 17 35
22 23 56
17 21 12
15 18 57
5 9 40
1 5 16
6 8 40
16 20 32
10 12 50
1 5 45
18 22 46
14 17 6
21 23 59
5 7 23
14 19 57
13 17 12
14 18 4
14 17 12
7 11 54
11 14 14
5 7 29
22 2 12
13 16 39
10 13 1
21 0 30
7 10 29
5 9 1
23 3 7
11 16 36
15 16 45
10 13 46
7 10 11
10 13 34
8 12 19
15 19 35
21 1 38
21 2 50
22 2 60
19 23 55
8 9 8
4 7 11
21 0 48
6 9 56
11 13 51
14 16 59
0 2 34
21 0 45
21 1 24
4 7 20
2 6 36
13 18 25
7 11 44
23 2 18
9 12 5
21 23 12
17 21 13
17 21 1
21 23 27
7 9 39
9 14 22
23 4 12
22 0 9
10 13 40
9 13 52
21 1 28
5 9 29
12 15 11
20 0 31
0 6 5
9 12 34
4 7 23
7 10 35
7 10 42
18 22 28
3 6 54
20 22 10
6 11 7
15 18 54
20 22 3
13 16 18
0 4 16
1 3 35
12 15 19
17 20 29
9 12 9
6 9 5
10 12 13
2 3 49
0 4 3
1 4 39
13 18 42
8 11 21
19 21 19
5 7 39
15 16 17
12 18 59
1 4 4
18 23 33
0 4 48
22 4 24
1 4 26
13 16 35
14 16 50
0 3 59
22 23 60
8 13 54
7 11 6
16 18 55
0 6 4
4 7 16
12 15 37
1 4 11
11 13 32
6 9 16
18 22 58
20 22 26
21 0 53
21 1 2
15 18 58
15 20 26
6 11 14
4 6 56
19 22 32
14 18 34
12 16 16
14 18 49
8 13 55
12 14 56
22 0 9
19 22 34
19 23 17
12 16 28
2 6 21
12 16 26
17 19 59
20 23 4
16 19 49
8 11 46
13 16 9
20 0 16
22 0 37
15 17 21
7 9 52
2 4 8
23 2 48
5 8 40
12 16 49
18 22 38
8 12 38
19 22 9
3 6 23
17 20 47
23 2 17
4 8 2
6 9 7
16 19 59
4 5 35
21 1 1
22 2 16
15 19 19
5 8 10
15 18 25
4 3 22
17 22 26
2 6 10
22 2 2
6 9 59
15 17 1
8 12 25
9 13 37
22 1 40
17 19 44
21 1 29
12 17 60
21 0 44
18 22 53
16 19 41
12 15 53
12 15 47
19 22 1
8 13 17
18 20 36
16 18 40
5 8 43
23 2 49
8 12 9
23 1 13
19 23 20
17 19 4
21 0 36
16 19 20
5 7 52
5 11 26
20 22 17
1 3 8
12 15 43
4 9 37
23 1 32
18 20 47
11 15 44
23 2 16
18 22 3
12 13 46
23 2 6
5 9 9
16 19 13
8 12 15
2 4 9
2 3 5
0 4 9
17 20 26
14 17 27
5 8 20
12 15 49
7 12 29
20 22 25
0 1 51
6 9 26
9 12 5
0 3 47
17 22 15
10 13 59
19 22 39
14 20 50
4 6 1
6 10 49
15 17 21
8 12 32
8 11 26
4 6 47
20 21 7
8 12 56
20 22 42
19 21 7
15 19 50
11 14 15
9 11 38
0 4 31
2 6 29
6 9 40
22 3 7
15 19 5
12 15 22
5 7 31
15 17 29
4 7 11
13 16 42
11 15 20
0 4 52
0 3 15
23 2 60
16 18 38
4 5 24
18 22 27
6 12 8
17 20 14
1 3 42
6 9 13
4 7 32
4 8 3
12 15 59
13 15 17
4 8 8
7 9 39
4 6 37
8 11 49
14 16 32
7 10 5
21 23 10
6 10 21
1 5 37
12 15 13
11 15 22
23 0 16
14 17 53
17 19 12
11 15 31
18 21 7
8 10 9
20 23 1
22 1 31
23 2 24
16 20 27
16 18 34
0 5 55
22 23 46
1 3 46
10 12 29
15 18 35
1 4 9
10 15 2
15 18 4
7 11 55
10 13 37
12 16 38
16 18 24
6 9 41
23 2 2
8 13 5
15 18 58
11 14 21
3 6 59
21 0 5
0 3 30
20 23 34
23 2 24
23 2 15
17 23 20
10 13 43
5 9 36
10 12 52
1 4 60
11 14 24
12 15 53
9 13 20
1 5 46
22 1 38
12 15 56
23 1 8
19 22 32
7 13 50
20 23 59
18 22 21
4 7 44
14 17 54
0 3 6
14 15 13
15 18 12
22 1 24
10 13 17
10 14 22
15 17 51
14 17 33
1 4 41
21 23 18
22 1 39
18 21 60
1 4 29
0 5 12
11 13 3
17 21 10
18 22 4
4 8 58
14 18 25
3 5 3
3 6 7
22 0 35
4 7 17
11 14 33
5 7 1
23 2 60
6 9 29
22 2 8
23 2 60
5 7 45
3 8 41
9 11 28
16 18 8
2 4 21
10 13 6
19 22 7
19 21 4
11 16 1
9 12 4
8 9 58
4 6 32
14 18 55
21 2 58
11 14 16
5 8 21
14 17 18
20 0 21
7 10 44
8 10 24
21 22 33
7 9 57
21 1 55
16 20 11
8 11 2
23 1 17
3 5 13
14 16 53
15 16 17
2 3 23
7 10 56
13 16 22
16 19 19
11 14 57
17 21 2
8 11 56
16 17 50
18 22 52
17 20 3
22 1 46
16 20 4
16 19 32
13 15 10
9 13 11
23 2 11
6 10 33
22 1 2
11 15 50
13 18 9
18 21 12
21 23 32
19 23 15
5 9 3
0 3 58
23 2 41
6 10 37
18 22 22
10 14 12
18 20 58
16 20 24
2 6 34
9 13 18
20 23 47
1 4 22
19 21 3
20 0 5
3 7 48
13 15 45
17 21 12
6 9 4
1 5 41
3 6 23
21 0 25
15 17 53
10 11 6
10 15 23
14 17 3
8 11 51
23 0 13
3 6 5
17 19 49
7 11 37
13 16 49
13 16 13
10 13 5
16 21 3
19 23 58
6 8 36
18 21 1
23 3 60
20 23 32
1 4 15
21 2 58
5 7 34
1 4 11
1 4 9
19 22 36
14 16 55
15 17 25
13 16 4
4 6 4
11 15 10
4 8 27
13 15 43
5 8 36
6 9 50
22 23 4
1 4 45
23 2 41
15 18 58
11 14 12
15 17 8
3 6 32
1 5 14
16 19 59
4 8 15
15 19 50
11 15 59
18 19 48
1 3 5
8 11 8
13 16 40
4 9 36
4 5 6
1 5 27
21 1 36
21 1 11
5 9 38
23 2 39
6 8 7
11 16 24
6 7 53
15 19 30
19 22 44
18 21 12
10 14 17
10 13 50
14 18 18
7 10 55
2 6 28
23 4 2
15 15 47
23 2 12
10 13 46
17 19 40
18 21 36
17 20 24
0 4 12
15 17 20
4 8 41
3 6 6
16 19 57
2 4 50
0 3 59
11 14 18
10 13 26
12 14 57
3 6 20
13 15 9
1 6 55
8 11 23
6 9 37
9 12 3
18 23 58
9 13 19
10 13 38
9 11 28
0 3 7
2 6 32
23 3 37
6 10 34
0 2 29
8 10 52
20 22 4
6 9 34
20 21 57
15 18 21
20 2 50
16 17 11
4 7 43
18 20 31
21 22 20
9 13 44
18 20 28
10 13 4
5 7 46
10 12 1
21 1 6
11 13 45
2 5 10
18 20 34
22 2 58
19 22 24
18 21 33
8 10 24
4 7 60
15 17 13
23 0 56
3 5 11
21 0 2
9 13 32
3 6 52
14 15 42
13 16 6
23 3 18
16 19 40
13 13 12
18 20 16
5 7 52
13 16 23
14 17 33
18 20 29
5 10 42
20 22 57
19 22 54
14 17 14
22 2 2
2 4 53
12 16 10
10 11 9
0 2 55
17 20 23
16 18 33
1 4 8
2 4 45
22 1 30
17 18 37
19 23 48
3 7 46
19 22 5
8 11 13
8 11 4
0 3 8
12 14 39
22 1 28
11 15 12
23 2 58
10 14 45
0 4 44
13 16 41
5 7 55
12 14 5
22 2 13
18 20 1
2 5 12
8 11 22
22 0 4
4 8 19
8 12 24
8 12 26
19 21 8
8 11 10
1 2 53
22 0 44
23 2 22
20 0 53
18 21 39
22 1 43
16 19 34
19 22 4
13 16 49
0 3 55
23 1 54
14 16 5
2 3 26
9 14 23
23 4 28
10 13 11
18 21 21
13 16 44
19 22 28
3 5 11
15 18 7
4 7 4
10 12 49
1 4 7
10 14 7
3 7 23
8 10 46
20 22 45
19 23 52
13 15 3
12 14 5
16 19 38
12 16 6
22 0 40
16 19 51
20 0 2
20 22 6
14 16 49
12 16 55
11 14 15
11 13 57
1 3 24
23 2 44
15 18 13
5 7 15
7 11 31
23 3 18
6 8 17
14 19 57
19 23 27
16 19 42
10 13 51
0 3 32
7 11 19
14 19 14
1 4 10
13 15 59
12 14 51
6 8 9
13 16 5
14 18 52
0 2 18
21 22 44
20 0 57
1 4 34
6 9 3
5 9 37
3 7 43
19 22 33
16 19 48
3 6 10
8 12 14
2 5 36
0 3 6
20 23 17
21 1 24
8 13 48
11 14 14
2 4 1
20 23 56
17 20 42
13 18 9
1 3 40
17 19 50
5 7 16
0 3 48
18 20 11
13 15 20
14 17 26
19 23 16
23 2 10
22 1 47
0 3 17
12 14 38
16 19 9
22 2 20
10 14 15
9 13 51
16 18 48
14 17 6
20 23 11
11 13 40
0 4 33
23 1 13
9 12 26
20 23 13
0 1 51
22 1 6
0 3 3
5 7 7
7 8 52
0 3 18
16 21 60
12 17 16
17 19 54
9 13 16
13 16 8
6 9 49
3 5 40
17 20 9
14 15 17
0 3 4
0 3 55
16 20 50
14 16 24
15 19 41
9 12 16
2 6 54
9 15 20
21 23 42
2 4 1
18 22 38
14 16 42
1 3 45
19 23 4
22 0 3
17 19 43
19 22 2
4 6 47
4 6 33
15 16 30
1 4 9
1 3 28
12 16 30
3 6 44
4 8 35
9 12 21
17 20 22
13 17 19
23 3 24
13 16 25
22 0 33
20 0 51
13 14 50
2 6 37
9 12 16
3 7 25
13 16 55
4 7 44
2 6 10
2 3 8
2 4 11
12 15 20
20 22 37
18 19 50
20 22 26
0 2 15
20 23 55
15 18 2
4 7 39
0 2 26
23 2 46
6 8 37
7 9 18
12 14 17
13 16 48
12 15 24
11 15 60
7 11 52
1 3 13
9 13 52
17 22 11
14 16 19
22 2 48
10 13 2
5 8 60
2 7 58
4 7 8
17 21 4
15 16 60
22 1 58
9 12 23
12 15 32
10 13 16
19 22 15
14 17 31
9 12 59
11 14 5
4 7 16
0 4 7
9 11 53
22 1 54
15 18 20
0 2 59
21 2 18
12 15 32
12 16 1
17 19 23
7 10 55
5 8 31
7 10 18
21 0 37
16 18 26
16 18 9
5 8 12
21 23 20
4 9 22
9 12 40
16 18 58
0 2 2
4 6 7
6 9 40
17 19 29
23 2 3
15 20 45
16 19 36
2 6 50
8 9 32
6 9 40
13 16 28
11 14 11
18 22 1
20 23 19
18 21 38
15 18 7
8 11 30
9 13 8
8 10 26
23 2 2
12 14 14
10 11 9
5 8 5
18 20 22
2 4 48
22 1 6
15 19 53
4 7 36
23 2 17
16 18 24
9 12 47
7 9 36
14 18 20
8 11 9
23 4 25
2 5 4
1 3 41
0 4 23
5 10 51
9 13 14
9 12 23
17 19 48
6 8 16
5 6 54
20 0 3
15 17 13
5 9 14
19 21 46
13 14 8
0 4 6
2 5 50
20 0 60
18 20 34
15 19 56
9 13 31
8 10 34
20 0 40
3 6 30
18 21 45
13 15 34
1 4 19
17 18 9
9 13 55
20 23 4
15 18 24
15 19 30
17 20 57
13 18 4
15 19 16
17 21 47
12 16 3
11 14 23
8 10 47
1 4 2
5 8 54
5 8 31
3 5 23
10 12 34
19 23 10
21 23 29
22 2 50
2 5 46
12 15 49
8 12 20
6 12 59
19 20 31
14 17 59
4 5 56
1 4 57
8 11 1
6 10 19
18 20 17
6 8 57
9 13 48
11 14 41
20 2 2
23 2 13
12 15 57
13 14 26
12 15 7
22 0 25
15 18 47
19 22 23
0 3 50
15 17 57
18 22 11
4 5 34
14 17 24
8 11 9
9 11 28
23 2 41
23 2 58
7 10 58
7 10 34
15 17 55
21 22 30
11 15 37
4 7 18
21 0 16
14 17 45
21 23 21
8 10 21
18 20 44
15 18 51
5 8 17
8 12 25
7 11 3
10 14 38
2 6 49
7 11 55
18 21 11
7 10 36
7 13 45
10 14 27
1 4 31
21 0 22
21 0 24
8 11 37
2 4 52
9 11 41
1 3 8
0 3 53
15 17 18
22 0 49
10 14 56
15 20 29
13 15 8
17 20 39
18 21 19
12 14 26
5 7 32
7 9 29
22 2 6
18 23 8
12 15 59
10 13 6
21 23 46
22 1 53
7 10 39
18 21 14
22 1 22
8 14 13
4 7 29
15 18 51
5 9 2
17 19 26
4 9 29
6 9 42
22 0 47
6 11 35
10 13 35
18 22 46
14 18 13
3 5 35
3 5 36
19 21 31
22 2 51
0 4 32
16 18 36
1 5 35
21 1 28
17 20 42
14 17 50
15 17 29
22 23 30
5 7 45
4 9 32
13 17 1
16 20 6
19 21 7
6 9 53
6 9 37
0 2 51
5 7 51
1 5 38
20 22 7
8 11 5
5 8 44
17 20 17
22 2 6
7 9 41
21 0 26
5 8 11
13 16 6
11 15 31
22 1 11
6 9 3
18 19 8
8 11 19
16 21 24
5 9 17
17 20 11
4 6 32
11 15 44
23 2 13
22 1 44
9 13 50
5 8 17
18 21 47
3 7 35
17 20 8
6 9 29
1 4 49
16 18 53
20 0 59
19 22 24
4 7 52
7 9 5
12 14 42
9 12 51
19 22 50
9 11 32
4 5 9
20 21 55
22 0 2
5 8 14
22 0 32
9 14 53
22 2 32
13 17 54
6 8 51
12 16 2
9 13 6
16 18 42
8 11 32
12 16 53
12 15 26
21 0 49
15 17 30
14 18 13
11 14 31
11 14 51
3 8 42
4 6 22
8 10 27
1 5 43
21 23 46
23 4 14
2 4 43
1 5 15
8 10 6
1 4 6
14 17 34
6 9 11
4 8 56
7 11 8
15 18 35
6 9 51
1 4 39
0 4 21
23 2 41
9 11 30
1 4 26
4 6 41
9 11 22
0 3 29
19 21 59
9 13 22
19 22 26
4 6 58
4 8 28
0 2 6
7 9 53
3 5 7
13 16 35
21 23 57
14 17 47
16 19 56
21 1 22
21 1 53
22 0 10
16 19 30
19 23 7
16 19 37
13 17 57
21 0 25
13 15 1
12 15 7
15 17 6
19 23 18
5 8 57
19 22 17
7 10 29
10 12 31
16 18 26
20 22 13
12 14 35
17 19 18
6 9 33
11 13 37
21 0 17
16 20 36
10 14 48
16 18 50
9 13 2
9 13 27
12 14 27
7 10 20
13 17 11
13 15 31
5 7 18
12 16 50
1 4 1
14 16 53
18 21 30
7 9 32
20 21 2
2 4 5
3 7 46
19 21 22
8 11 1
5 8 45
12 14 26
3 7 33
1 3 1
14 16 11
12 14 23
8 11 43
22 1 23
11 15 18
6 9 43
6 8 18
8 12 10
19 0 5
8 11 30
10 14 60
0 2 13
16 19 44
7 10 47
5 9 23
20 22 43
9 12 2
4 8 28
19 22 25
4 10 46
2 4 43
15 17 52
3 7 9
0 2 8
16 19 21
1 3 38
18 21 19
12 15 57
2 5 22
10 13 38
21 0 22
21 22 2
0 4 52
6 9 38
14 17 25
7 10 5
2 5 13
8 11 4
19 23 47
14 17 12
13 16 55
23 2 38
22 1 8
12 15 45
12 14 43
22 1 33
21 0 33
21 1 34
11 15 11
17 20 31
6 9 15
11 13 5
13 17 54
2 4 20
9 12 48
2 6 54
18 21 44
23 1 39
22 1 60
5 10 58
10 11 50
15 19 55
22 1 34
5 6 30
10 13 29
12 16 8
21 1 46
12 16 26
15 19 37
8 11 48
23 2 1
17 19 5
16 19 42
3 7 50
0 3 60
13 17 60
17 22 1
7 11 38
2 5 38
20 0 39
8 9 37
7 13 38
6 10 53
7 10 36
4 7 7
11 11 9
10 13 34
19 21 58
12 15 33
8 11 38
12 15 10
0 3 19
11 15 37
17 22 37
22 0 4
11 14 39
6 9 16
0 4 6
1 4 46
3 7 12
13 17 44
8 12 38
5 7 39
8 11 4
4 7 54
23 3 17
1 4 52
19 22 6
1 5 9
11 14 40
15 16 14
15 18 49
12 14 53
18 21 20
7 10 50
13 16 28
1 4 41
12 14 56
20 23 21
12 13 30
15 17 40
2 3 3
10 12 17
14 19 54
23 1 54
10 12 58
20 0 7
3 7 34
8 10 14
20 23 25
9 11 27
9 12 35
4 8 48
5 8 43
5 8 33
16 18 22
15 18 30
17 19 31
14 16 17
0 2 43
8 12 16
11 14 5
2 6 57
4 8 3
13 15 26
8 11 11
7 8 59
18 20 15
4 8 45
6 9 37
7 12 58
1 3 15
9 11 15
12 17 54
11 14 39
19 0 59
13 16 46
15 18 2
4 6 20
20 0 38
23 3 9
7 11 7
1 5 18
12 16 5
14 17 43
4 6 6
14 16 14
15 19 15
13 16 22
14 18 48
3 5 52
11 14 17
15 17 21
14 18 42
18 20 50
11 14 25
0 2 56
6 9 7
23 2 29
14 15 24
1 2 29
0 2 40
7 10 44
15 20 4
16 17 5
12 13 5
0 1 15
19 22 45
10 13 8
4 7 60
10 14 56
7 10 58
3 8 15
12 15 14
1 5 3
0 4 38
3 7 48
3 7 59
20 0 25
2 4 30
12 15 6
17 21 59
22 0 18
11 14 19
22 1 39
23 3 30
22 1 12
10 14 60
15 19 16
2 5 49
14 18 12
17 19 20
1 4 25
20 23 59
19 22 13
17 20 12
21 23 34
12 15 54
7 9 10
5 8 25
15 18 10
6 10 40
18 21 12
4 8 8
14 19 21
0 3 43
9 11 56
17 19 58
14 16 57
3 6 29
15 18 51
7 9 6
22 1 10
15 18 24
15 18 57
0 2 47
22 1 29
16 19 28
7 9 24
14 18 17
14 17 11
18 21 23
15 19 3
19 23 22
9 12 4
0 2 39
0 1 58
8 11 17
2 6 14
4 7 16
6 10 56
23 0 33
22 2 26
19 21 26
19 21 59
9 13 33
7 10 55
6 9 27
10 13 44
20 22 41
23 1 21
1 4 5
10 12 52
18 21 47
14 17 39
14 16 1
9 11 8
11 17 59
14 16 52
17 20 40
18 21 30
17 20 39
10 13 10
6 9 26
0 6 58
13 16 43
23 2 5
4 8 9
7 10 39
16 18 5
20 1 20
21 0 28
6 9 14
5 8 8
8 13 32
0 4 8
19 22 16
17 19 33
5 9 28
22 3 40
22 1 7
11 13 47
19 21 28
11 15 42
13 17 3
22 1 14
4 7 40
12 16 27
8 11 20
7 9 27
6 9 28
18 21 34
8 11 46
9 12 23
18 21 50
4 6 33
8 10 20
20 23 9
9 12 43
3 7 54
17 21 31
22 1 39
7 10 32
1 3 52
1 2 29
4 6 14
7 10 5
0 2 1
20 23 55
9 13 51
3 4 23
9 12 43
23 3 49
2 6 23
20 23 5
5 7 6
20 23 25
10 14 49
3 6 20
10 14 42
20 0 10
22 2 59
22 1 48
15 17 45
11 11 31
10 12 51
3 6 32
8 11 37
3 7 55
18 21 53
12 15 38
16 20 34
5 8 41
14 17 43
21 23 51
8 11 32
13 16 4
17 21 5
23 2 7
20 22 29
7 8 3
22 1 59
8 13 27
11 15 27
14 16 4
5 10 10
16 20 41
0 3 41
21 22 29
22 1 24
2 4 42
2 6 4
2 7 35
8 11 7
21 23 55
12 16 21
4 6 58
20 22 30
0 2 22
1 3 32
14 17 37
18 22 60
19 23 19
4 9 42
20 22 6
5 7 50
2 4 51
3 6 11
6 11 59
20 23 10
5 10 25
19 23 21
7 10 5
11 14 53
18 22 20
9 14 20
20 22 33
21 0 17
20 22 5
23 4 47
7 9 33
3 7 18
13 17 12
10 13 52
15 18 23
12 15 14
14 16 38
2 8 16
22 0 38
7 9 50
13 16 26
20 23 16
21 0 31
10 14 32
0 5 11
7 10 23
16 19 57
6 9 17
21 23 41
11 16 45
23 1 44
13 17 7
7 11 46
8 10 18
5 7 21
0 4 17
6 8 47
17 19 45
8 11 22
14 19 4
1 5 41
12 16 33
1 4 26
11 12 1
3 6 57
2 6 19
6 9 43
4 8 25
6 10 13
11 12 11
21 23 14
12 15 43
11 13 12
18 20 46
22 2 60
6 9 27
23 2 59
22 1 55
20 21 28
20 1 26
23 3 6
16 18 1
16 20 43
3 7 38
7 10 43
18 21 32
10 12 58
22 0 25
16 20 4
17 20 22
14 16 35
20 20 17
23 1 53
11 15 1
13 16 7
19 21 53
7 8 30
22 2 36
21 1 9
16 19 11
11 15 19
20 0 38
23 2 28
7 13 55
19 0 56
0 3 48
0 2 14
23 2 20
0 3 21
20 22 44
2 4 51
20 22 56
3 6 58
2 5 38
19 22 35
22 0 59
3 6 48
1 3 47
15 18 46
5 7 10
21 0 57
12 14 60
10 12 50
17 18 29
4 6 33
10 13 28
0 3 23
3 7 37
11 15 21
2 5 56
15 18 40
3 6 48
10 13 20
4 5 51
11 13 46
23 2 44
4 7 50
5 8 43
0 3 38
0 3 56
9 11 49
20 23 51
7 11 32
14 16 45
18 22 34
16 20 34
19 22 52
7 9 14
12 15 5
8 12 25
7 10 14
13 15 51
9 13 48
8 11 14
12 15 14
14 18 30
8 10 7
0 4 22
5 9 51
18 22 4
10 13 6
4 6 55
4 8 16
13 17 18
15 19 6
18 22 15
21 0 15
1 2 60
16 18 4
8 12 14
10 15 19
17 18 36
7 12 51
22 3 52
5 7 26
5 7 58
20 22 7
13 17 36
23 2 12
19 21 37
14 17 50
2 6 51
12 16 14
9 11 26
6 9 50
12 15 59
19 23 44
21 23 59
17 22 43
15 17 30
18 21 3
1 3 56
9 10 47
5 9 13
17 19 49
0 4 19
4 7 50
2 3 50
6 7 5
20 0 4
8 11 15
12 16 36
4 8 19
10 14 48
14 16 1
5 7 46
13 16 13
9 12 2
7 10 21
15 20 9
19 21 39
19 22 43
5 7 55
9 9 54
23 3 22
3 7 21
13 16 17
8 11 56
10 15 57
8 11 1
21 0 24
15 20 13
14 17 7
19 23 4
2 4 58
13 16 52
23 1 35
21 23 7
21 1 21
21 0 45
15 18 29
20 23 25
12 14 58
19 22 49
23 4 5
5 8 32
23 3 60
21 23 17
12 17 48
13 15 7
19 22 60
7 9 52
17 20 53
1 3 48
2 4 6
1 4 12
0 3 5
5 9 24
10 12 19
3 5 46
0 1 44
2 8 50
8 12 22
7 11 43
9 10 10
15 19 51
23 3 6
12 15 18
0 3 50
15 17 2
20 22 36
21 23 18
16 17 60
18 22 8
11 15 14
14 18 22
4 8 50
5 9 6
8 11 52
8 9 43
22 0 46
11 17 6
21 0 13
21 23 51
4 6 34
21 23 4
13 15 26
0 4 6
16 18 29
15 17 16
4 7 24
6 9 59
12 14 30
13 15 27
16 20 33
2 6 35
18 20 47
10 13 17
20 23 57
2 5 14
17 20 59
10 13 16
8 12 57
9 12 47
3 7 54
17 18 1
0 3 19
8 11 53
6 8 48
3 5 1
22 0 7
21 0 26
23 2 18
15 20 32
3 6 9
15 17 42
14 17 50
9 12 12
18 21 35
2 4 25
22 2 2
10 14 42
10 13 13
20 0 59
21 23 57
15 18 17
5 8 16
20 2 7
2 5 57
23 1 9
0 2 24
4 6 33
12 15 55
22 0 25
13 16 37
14 16 35
6 9 25
1 2 52
21 23 44
5 10 13
10 12 34
6 7 35
17 19 7
4 6 50
8 10 26
15 18 11
8 11 13
5 7 7
11 15 16
7 10 55
15 18 43
7 9 59
4 7 51
21 0 23
23 4 47
18 21 20
18 21 14
15 18 35
18 21 60
18 22 50
17 19 48
12 17 46
22 3 37
9 12 31
23 1 3
12 16 51
0 4 37
16 19 32
17 20 9
4 8 35
8 12 35
12 15 54
8 11 39
4 6 35
6 8 40
18 19 45
1 3 30
23 2 56
17 20 22
15 19 22
23 2 26
22 2 4
10 14 40
6 8 42
21 23 25
17 19 30
12 14 38
8 9 29
20 23 24
4 8 17
11 13 7
22 1 36
17 20 38
23 1 37
20 21 47
4 5 22
14 17 2
21 1 41
9 13 46
21 1 20
7 10 53
23 1 56
4 6 53
7 9 20
12 16 4
16 20 49
10 13 47
21 0 18
5 7 3
10 12 35
22 23 22
8 10 51
4 8 31
17 20 15
23 3 1
13 14 60
14 17 11
19 23 27
15 19 49
22 0 53
13 17 26
21 23 47
15 20 28
19 19 38
8 12 1
6 9 20
15 21 40
11 13 60
13 16 4
18 21 7
21 0 17
7 10 17
18 21 18
15 17 7
6 8 38
23 0 9
5 7 60
20 21 9
14 18 20
0 2 30
16 20 55
6 8 17
11 15 43
14 16 53
8 12 57
0 3 42
18 22 6
3 6 54
16 19 36
4 7 4
12 14 39
4 8 36
18 22 33
7 14 9
0 3 32
16 20 37
12 15 53
22 1 18
21 2 15
2 5 53
3 5 33
15 18 24
15 19 5
19 21 39
2 8 6
18 22 14
1 5 44
13 16 35
2 5 16
23 2 15
2 5 57
16 21 20
17 20 2
13 16 6
11 15 56
14 19 33
4 8 60
22 1 3
13 16 58
20 21 52
13 16 45
6 8 4
22 0 8
2 6 34
10 14 23
19 22 7
22 0 54
6 9 40
21 0 53
10 14 20
8 12 40
11 14 26
4 6 7
5 10 10
22 2 49
17 20 48
23 2 46
13 17 43
5 8 57
15 17 57
2 6 38
3 5 14
13 16 41
3 6 26
12 14 14
14 18 12
11 15 37
21 0 39
9 13 59
12 14 8
15 16 32
1 3 21
12 15 54
5 9 25
5 9 33
2 4 27
12 14 4
21 0 50
4 6 11
6 9 24
18 21 54
7 8 32
4 7 44
17 20 31
0 3 37
15 19 57
17 20 11
0 2 41
20 0 60
17 20 37
5 7 39
6 9 55
19 21 11
15 19 21
11 15 48
1 4 32
6 8 47
19 21 18
11 13 14
9 13 36
13 16 31
4 8 16
23 0 5
13 15 48
10 12 21
18 22 27
21 1 45
13 18 54
7 9 57
21 1 16
7 9 52
20 22 17
10 12 45
8 11 48
19 20 22
17 19 36
14 16 58
16 17 20
22 1 22
3 5 56
1 4 16
23 0 8
20 22 17
12 14 16
21 23 33
10 14 37
18 22 8
10 15 24
17 20 1
17 20 6
14 17 36
16 19 1
5 8 8
13 15 17
22 23 18
1 4 30
2 8 24
9 14 23
23 2 46
8 10 46
6 8 26
10 13 39
9 11 11
23 1 1
13 16 42
5 9 39
5 7 60
4 7 19
8 11 21
23 2 13
3 7 32
18 21 59
7 8 59
10 13 29
6 10 18
1 4 55
8 12 34
13 15 45
14 17 16
17 21 21
5 8 42
1 4 5
22 23 36
6 12 21
10 11 14
14 17 35
17 20 10
10 13 37
18 22 58
10 15 10
15 19 47
4 6 47
16 19 55
14 17 8
18 21 34
18 20 22
21 2 49
2 4 20
21 1 48
20 23 29
22 0 48
7 9 10
22 1 9
0 3 39
10 12 23
0 4 45
1 5 35
1 4 30
14 19 34
7 10 41
21 23 58
18 21 22
0 1 32
22 2 42
0 4 27
13 15 49
9 12 53
5 7 55
15 17 26
21 0 13
10 12 13
8 12 42
19 21 25
22 1 30
1 5 15
23 2 23
16 20 45
23 4 26
3 7 21
11 14 25
5 8 25
6 8 12
6 10 5
19 23 25
9 11 18
0 1 21
20 0 14
21 0 33
0 4 51
6 8 18
21 0 21
12 13 33
7 10 29
4 6 35
16 18 20
17 21 13
13 16 43
10 12 2
8 11 31
14 19 35
8 10 59
1 4 1
7 10 26
8 12 56
16 20 20
21 0 38
13 17 27
8 10 31
19 23 23
10 12 11
0 3 55
3 7 30
23 3 40
10 13 41
1 2 23
6 9 17
1 4 51
23 2 2
8 12 18
8 10 33
5 8 45
5 8 25
17 20 36
19 23 34
7 11 58
14 15 41
10 13 1
9 13 57
7 11 57
17 20 31
17 20 9
20 0 35
2 6 49
20 23 2
9 11 20
19 22 26
1 3 1
1 6 26
15 17 3
20 21 16
1 4 8
4 6 16
4 8 10
14 17 23
20 0 47
18 23 39
1 5 23
23 1 44
1 4 9
7 10 26
10 13 45
13 16 24
12 13 54
17 20 59
19 21 2
19 22 29
6 10 52
6 9 36
1 4 4
15 19 17
5 6 60
8 11 46
14 14 49
23 3 59
22 1 25
4 7 49
17 18 40
12 16 7
4 6 14
8 10 28
10 13 16
14 16 59
11 15 38
23 4 10
6 9 41
6 9 33
18 22 50
5 7 18
7 10 58
12 14 51
7 9 39
12 15 44
11 14 9
7 10 17
23 3 30
19 1 6
0 3 36
3 5 29
14 18 2
3 4 55
12 13 36
19 22 47
11 14 25
8 11 52
2 6 58
17 22 26
7 11 25
6 9 43
13 17 57
14 17 22
5 8 1
16 19 34
22 0 46
19 23 9
22 0 44
2 6 24
12 14 16
15 17 32
20 22 45
18 22 27
5 8 20
5 8 16
6 12 34
0 2 2
13 15 54
16 19 30
11 16 13
7 12 31
19 21 59
13 17 1
21 1 26
13 17 25
22 1 9
14 17 53
11 12 17
19 22 15
1 4 8
8 10 17
7 10 55
19 23 24
21 22 37
4 6 33
6 8 34
8 9 16
13 15 7
10 14 46
20 22 12
19 22 11
21 23 37
9 12 37
13 17 14
10 12 22
22 1 22
6 7 20
17 21 14
4 6 3
10 13 55
1 3 54
9 13 53
18 22 53
7 9 6
15 18 6
22 1 30
0 4 44
8 10 18
6 9 23
16 20 5
4 9 50
8 12 21
2 5 39
17 20 14
16 18 42
17 20 32
3 7 51
8 13 31
3 6 10
13 16 38
19 22 1
22 0 24
7 9 52
3 6 29
17 20 48
21 23 48
19 22 12
4 9 15
0 1 51
14 19 34
15 18 18
20 23 1
8 11 26
2 4 3
2 4 46
22 0 3
5 9 41
6 7 20
17 21 13
4 4 25
23 4 29
4 8 6
0 3 60
20 22 10
18 20 14
12 16 22
9 9 40
7 11 7
11 14 30
8 12 19
6 9 42
10 12 40
13 15 30
9 12 52
7 10 14
17 20 39
19 22 10
3 7 55
4 7 57
3 5 48
13 14 26
22 3 22
15 20 13
13 15 7
13 15 2
3 6 53
7 9 43
14 18 32
1 5 46
2 4 17
3 6 54
18 21 42
1 3 41
22 23 59
5 7 26
14 18 28
8 11 9
18 21 18
18 22 11
7 11 35
7 11 14
20 0 35
0 3 28
1 3 9
15 16 51
3 6 48
13 17 33
4 8 49
8 11 11
16 19 7
4 8 31
17 21 16
1 4 22
23 3 1
1 5 3
21 0 42
20 23 7
0 3 36
5 8 34
14 16 54
13 16 18
22 1 4
5 8 55
6 11 59
3 6 35
2 4 31
12 14 46
21 0 23
18 20 47
1 5 12
10 13 55
1 6 33
13 16 35
7 9 3
16 18 43
13 17 28
2 4 16
8 10 54
17 20 50
0 2 50
21 1 3
14 15 8
1 6 10
3 5 59
6 10 55
20 22 8
14 16 3
0 5 10
20 22 15
9 12 12
3 6 47
9 13 27
12 14 35
15 19 35
8 12 20
3 7 20
23 1 4
9 13 5
8 11 41
7 10 17
10 13 48
17 22 50
17 20 21
7 10 20
23 2 1
10 14 19
20 0 38
14 16 53
18 20 16
8 11 17
5 9 45
7 9 16
12 14 8
6 10 4
5 8 46
4 6 20
23 2 60
9 10 45
0 2 43
4 9 12
0 3 23
0 5 36
7 10 32
10 13 12
16 18 1
15 18 28
21 1 48
20 22 2
23 2 11
9 10 23
22 1 16
13 16 22
18 22 14
20 21 35
23 1 37
23 0 57
23 23 41
23 2 58
12 13 3
13 18 28
14 17 15
5 9 23
6 9 36
15 17 33
18 21 21
4 7 35
10 12 35
17 20 13
20 22 10
11 13 8
1 4 59
6 10 46
4 8 3
15 18 59
2 6 1
14 16 7
2 4 4
3 6 7
6 10 52
9 12 16
17 19 24
22 1 29
16 19 43
5 8 40
19 20 24
5 10 57
8 10 22
7 10 55
16 18 38
13 15 60
7 10 50
16 17 55
19 22 23
7 12 38
21 1 9
19 21 54
20 0 2
9 13 55
0 4 41
10 13 7
1 4 19
12 18 59
20 22 44
20 1 31
4 7 36
15 17 27
11 15 30
9 12 8
9 13 6
11 12 52
23 2 6
6 9 2
3 6 28
0 4 20
7 11 25
7 11 5
13 16 55
14 19 47
11 16 32
3 5 14
17 19 20
4 7 11
21 23 58
9 12 19
7 10 46
6 11 13
22 0 26
22 2 51
13 16 32
5 8 22
7 10 18
3 6 47
9 11 15
4 8 9
7 9 48
14 18 44
14 18 5
2 6 47
5 10 8
16 19 55
7 9 30
9 13 60
18 21 58
0 3 60
5 7 50
19 21 33
16 20 56
8 10 57
4 7 34
1 3 19
12 15 4
4 7 13
6 11 54
20 23 50
6 9 7
9 12 60
7 11 4
23 1 6
19 22 7
18 22 58
1 4 20
4 5 35
15 17 27
16 20 9
23 4 49
0 3 44
13 15 55
5 8 46
20 22 25
4 6 32
22 1 58
3 5 7
22 1 28
21 1 27
1 3 48
4 7 20
8 13 55
6 10 5
21 23 21
2 5 14
21 23 4
6 8 39
8 10 23
20 23 28
12 15 2
12 16 8
21 22 38
18 21 7
16 19 18
15 17 24
10 14 36
12 15 58
16 19 3
5 7 26
14 16 23
15 17 12
12 15 39
16 17 1
10 13 47
17 21 52
5 8 57
10 13 23
21 22 50
22 1 12
15 17 53
19 22 43
20 0 40
19 22 36
19 0 43
7 9 31
19 22 57
3 7 14
23 3 53
3 5 36
2 4 5
2 7 39
12 16 26
7 13 35
17 23 26
8 12 41
21 22 29
6 8 49
8 13 22
9 12 7
14 17 52
15 20 3
16 18 17
13 16 38
2 5 21
11 15 54
9 12 53
20 22 58
3 6 2
10 11 31
13 18 35
23 2 40
10 14 23
3 6 54
1 5 25
16 18 39
21 0 8
22 1 53
10 12 16
22 1 45
9 11 33
2 5 13
7 10 11
9 12 39
5 7 21
23 0 1
4 6 22
18 22 39
10 14 16
3 6 9
9 12 29
15 19 6
1 4 29
8 11 43
2 4 54
0 3 51
4 6 18
22 1 8
19 22 26
11 13 41
15 19 48
2 5 57
22 1 52
2 5 58
12 16 51
2 6 37
0 3 32
11 15 9
8 9 49
16 17 54
19 23 31
21 1 30
1 3 29
8 11 40
17 18 7
5 8 17
16 19 19
19 22 60
22 0 11
23 2 8
13 16 9
15 19 33
13 16 15
4 6 35
0 3 25
9 12 47
16 19 40
15 18 49
0 4 3
15 21 34
21 1 54
18 20 39
9 11 8
8 11 58
23 2 8
23 3 36
8 9 55
2 4 58
10 14 25
7 9 44
3 6 9
18 20 49
2 6 18
18 22 52
23 1 21
22 0 41
20 0 18
17 21 40
4 9 21
7 9 39
17 20 3
6 10 23
0 3 23
5 8 34
13 16 7
1 5 47
4 7 51
22 0 32
23 2 45
4 6 57
3 6 46
11 15 10
0 5 1
15 17 24
15 17 39
22 0 51
14 16 22
1 3 5
22 1 26
17 18 45
22 0 18
12 15 56
22 1 60
6 9 28
0 4 60
3 7 54
15 18 24
12 17 57
16 20 33
16 18 60
19 22 40
16 20 51
15 18 49
1 5 38
22 1 30
5 9 26
7 11 2
11 12 58
12 17 55
20 23 56
20 23 29
15 18 18
23 2 25
23 0 29
21 22 22
4 4 38
17 20 21
8 11 36
23 1 44
4 5 57
11 15 12
21 0 8
22 2 14
7 9 51
13 13 9
21 2 11
13 16 2
12 14 56
4 6 48
1 4 47
7 10 49
8 12 40
2 5 42
7 9 52
13 16 13
2 3 3
15 18 6
2 5 44
11 12 8
5 11 16
5 8 25
9 11 43
4 5 52
10 16 53
22 2 32
6 10 34
1 3 13
20 22 13
8 9 38
3 5 58
12 14 45
20 23 51
17 21 4
12 14 30
5 10 52
13 17 10
1 5 33
4 7 3
11 14 55
2 3 31
17 21 21
4 5 36
23 3 26
11 15 14
22 2 41
19 20 53
1 6 4
10 13 43
2 6 28
4 6 56
13 17 18
9 12 38
4 6 50
2 5 30
14 17 18
22 1 14
12 15 44
12 15 54
20 23 56
6 9 13
18 20 59
17 20 38
7 10 18
4 7 2
20 23 49
1 3 27
9 14 55
5 9 21
8 13 58
4 8 18
0 0 7
4 7 45
3 5 24
3 5 17
14 18 46
8 11 47
0 4 40
21 0 49
3 6 17
21 23 53
19 21 2
0 3 19
1 3 2
21 0 19
0 3 41
12 15 23
12 14 4
22 23 5
4 7 17
19 22 60
2 5 28
9 14 23
18 21 2
16 20 36
20 0 19
4 7 26
7 11 6
3 5 2
0 2 17
1 5 60
0 5 54
20 22 25
3 6 9
2 4 39
18 23 22
17 19 11
12 15 39
14 17 7
14 17 24
17 19 52
11 15 50
19 22 10
1 7 29
17 21 44
11 15 18
4 6 35
12 15 52
16 20 12
0 3 44
17 21 29
3 6 17
10 12 36
20 23 44
14 18 41
23 2 42
13 15 23
6 10 42
17 21 30
17 21 40
4 7 15
10 13 53
16 20 48
15 18 43
18 21 24
2 4 40
15 18 16
23 1 48
3 6 50
23 3 30
18 22 57
10 14 45
23 1 58
18 22 25
19 23 26
11 12 30
0 2 50
22 0 28
4 9 7
13 14 31
23 3 13
1 5 57
19 23 30
20 23 44
15 18 18
16 19 22
20 22 16
10 13 29
11 14 39
7 10 50
18 21 16
22 1 18
17 20 34
21 0 20
9 11 53
19 22 44
19 0 27
1 4 31
7 11 34
16 19 29
2 5 46
23 4 38
20 23 6
8 12 34
8 10 16
23 1 40
17 20 20
11 14 50
2 6 38
7 9 48
12 16 57
10 13 8
14 17 50
11 14 36
3 6 54
9 12 11
5 8 15
23 23 54
11 14 38
19 22 37
17 19 7
22 2 33
21 23 48
1 5 28
13 16 13
15 16 34
22 1 44
17 21 24
19 20 41
13 18 40
7 10 19
5 9 33
21 0 48
3 6 20
13 15 56
6 9 16
10 12 35
10 12 54
16 18 29
22 1 29
14 18 21
0 3 5
4 8 24
22 0 29
2 4 17
16 21 22
4 8 59
5 8 55
10 14 28
20 0 37
4 7 37
10 13 27
16 18 52
16 19 5
23 2 26
10 12 21
6 10 23
21 0 8
0 2 51
2 6 20
22 1 33
5 8 29
23 3 17
14 16 24
4 8 9
23 2 10
9 11 47
3 8 11
3 5 12
6 9 49
21 1 4
18 23 44
9 13 60
0 3 25
7 9 54
6 8 34
13 15 12
6 8 8
15 17 34
11 13 48
3 8 46
17 20 14
4 9 27
10 13 48
8 9 35
8 10 15
8 12 52
8 10 35
11 14 5
11 13 26
18 21 11
15 17 12
8 10 3
19 21 3
20 22 50
0 3 40
0 4 49
23 3 34
13 18 26
23 2 53
6 10 24
3 7 22
19 22 36
13 17 34
10 13 1
19 22 55
12 13 38
12 15 14
11 13 27
1 4 57
16 17 16
14 19 15
16 19 27
6 8 7
4 7 21
14 16 47
21 1 47
8 13 1
7 9 37
7 11 42
4 6 1
2 6 17
20 22 8
10 12 42
9 12 59
10 12 42
14 17 17
16 19 57
1 5 6
22 3 19
4 7 58
10 13 16
18 22 36
16 21 15
2 5 26
19 23 24
16 18 31
7 10 23
13 17 35
5 8 5
5 10 50
2 6 58
6 8 56
7 12 38
15 19 60
20 23 7
7 10 54
5 9 28
4 7 54
5 9 19
13 18 13
0 3 48
11 13 20
9 12 17
22 2 45
14 16 18
17 21 52
5 8 27
6 9 53
10 14 45
7 8 19
7 11 38
12 15 4
19 23 13
14 16 38
6 8 43
16 17 56
3 6 43
3 6 16
21 1 44
23 2 51
8 10 29
10 15 10
16 19 13
4 8 18
17 22 14
21 23 12
11 14 10
18 22 6
8 11 59
23 0 18
23 1 6
19 23 36
22 0 30
23 3 12
13 14 46
7 10 24
3 6 49
15 19 18
8 13 54
17 19 17
21 0 23
9 11 8
19 21 51
14 17 28
19 0 39
23 1 42
16 19 49
2 5 15
11 14 15
19 21 22
5 6 36
12 16 36
20 22 44
1 3 7
22 23 17
9 11 56
2 6 37
12 15 57
6 9 46
2 4 3
19 22 54
23 3 41
14 16 42
10 14 7
10 14 33
10 16 38
13 17 47
11 14 46
14 18 30
5 8 18
23 3 36
5 8 29
18 20 51
14 17 32
15 18 44
4 7 40
12 15 50
21 23 58
9 12 1
13 16 54
10 13 23
10 14 45
5 9 25
14 17 37
17 18 31
1 3 16
8 12 14
11 14 3
10 13 18
13 17 5
15 17 2
14 16 10
1 5 26
2 5 47
7 11 47
12 14 11
23 2 28
12 15 26
0 3 5
22 1 4
13 16 36
15 18 31
22 0 18
15 19 30
22 2 17
0 2 53
6 8 40
2 5 12
15 18 15
13 16 44
5 8 31
11 14 26
20 21 55
22 0 22
23 1 43
9 14 52
2 5 35
1 4 57
16 18 53
14 19 56
11 14 8
15 19 20
10 13 21
1 5 34
8 10 12
5 8 3
11 14 25
16 21 53
22 1 10
18 21 43
0 2 53
6 9 23
14 18 40
20 23 38
16 21 6
11 14 9
9 13 17
6 8 54
16 18 17
15 17 33
17 21 53
16 19 2
17 21 29
19 23 35
3 6 32
23 2 47
16 22 13
2 3 17
8 11 45
16 20 39
21 23 44
18 20 35
5 10 20
7 11 40
4 7 52
0 5 9
14 16 50
8 13 35
18 20 31
10 14 32
21 23 30
3 6 9
15 18 56
22 1 44
7 9 42
20 0 25
22 2 44
5 8 4
19 22 59
22 0 49
21 0 19
17 20 48
23 2 34
0 4 28
15 19 28
16 19 37
0 5 37
5 9 23
19 22 44
12 16 1
7 9 55
8 11 53
8 11 45
11 12 26
3 5 42
4 7 1
10 12 23
9 12 60
23 1 50
17 22 36
0 1 39
15 17 46
4 6 38
7 10 31
5 8 12
20 22 8
16 22 29
9 11 17
22 2 1
3 4 24
16 19 59
0 3 30
3 6 55
19 23 33
19 22 5
4 6 44
21 23 20
8 11 24
15 16 5
18 22 52
15 20 9
9 13 46
6 9 55
3 8 51
22 3 32
4 9 38
12 16 31
13 16 46
2 4 38
18 21 59
2 7 59
19 21 4
22 1 26
22 1 33
22 3 30
6 8 32
17 21 45
0 3 59
23 3 14
20 1 48
13 18 31
20 23 55
18 20 60
7 10 32
15 17 33
17 18 20
6 10 47
21 23 23
13 16 37
7 9 29
6 11 9
15 18 48
3 6 25
8 11 5
14 16 27
5 9 35
7 9 45
15 18 53
6 8 49
21 1 2
15 17 30
19 22 57
22 1 17
3 6 23
16 19 10
9 11 32
21 0 42
20 0 46
5 8 14
0 3 24
0 3 40
18 21 5
14 17 49
19 21 22
12 15 42
14 16 41
2 4 41
13 14 7
18 20 48
16 18 44
21 0 11
2 5 54
8 12 36
16 19 20
3 6 37
14 18 3
14 18 49
12 16 48
5 7 52
6 8 1
10 12 4
13 16 1
16 17 58
22 3 33
22 0 30
3 5 12
1 5 35
3 4 18
23 2 38
2 4 1
10 15 40
6 8 13
19 22 7
8 11 56
20 22 46
11 16 28
16 19 16
17 21 33
16 18 59
9 11 26
14 16 3
11 13 53
9 13 9
6 9 2
20 23 22
9 12 56
21 1 33
16 17 15
11 16 47
17 19 5
21 22 9
11 15 5
23 4 12
20 22 59
21 23 58
20 23 7
2 5 49
18 22 4
20 0 13
17 21 58
1 2 15
6 7 14
10 13 17
3 5 56
6 8 40
11 12 26
19 0 38
1 4 9
21 23 20
20 23 30
5 7 23
9 12 5
10 12 36
23 2 22
23 2 59
23 2 40
13 17 39
4 7 31
10 12 49
11 14 51
14 17 46
16 19 29
4 5 44
11 13 37
22 1 44
18 21 29
8 11 25
22 1 16
2 6 36
19 0 22
0 2 55
18 23 5
7 10 7
23 3 58
19 22 3
21 23 29
23 2 21
10 13 38
1 5 46
6 8 2
21 23 53
23 4 57
0 5 43
22 0 2
20 23 10
11 15 14
16 20 46
17 19 59
6 9 28
4 7 13
5 8 35
3 4 36
11 15 40
18 20 39
11 15 19
9 11 10
16 21 52
16 17 23
4 7 13
5 9 6
5 8 22
2 4 1
17 18 47
4 7 3
1 5 19
23 3 45
9 10 16
14 20 10
22 2 22
17 21 13
0 3 11
11 14 55
3 6 59
1 6 17
17 19 55
3 6 8
5 7 38
22 1 40
14 17 7
3 6 5
12 13 50
7 10 11
8 12 36
7 9 55
6 9 39
2 6 36
5 8 34
12 16 45
9 13 8
14 17 60
12 16 48
17 20 44
10 12 25
4 8 31
9 11 56
1 5 41
9 11 44
13 18 33
5 7 35
18 21 15
8 10 32
10 13 48
9 13 53
16 20 38
2 6 44
5 7 44
0 3 54
9 13 45
18 22 60
11 14 18
18 21 2
7 12 55
15 19 31
6 10 13
7 10 4
21 23 28
11 17 60
10 13 41
7 11 19
13 17 19
6 11 59
12 17 28
1 4 10
12 13 35
21 0 43
15 19 11
7 11 27
9 12 36
9 12 6
8 11 48
22 1 10
16 18 51
18 21 51
17 20 18
8 11 17
8 11 10
20 23 53
17 22 55
0 3 37
17 20 6
2 4 41
5 6 42
14 17 9
22 1 17
6 9 35
13 17 53
16 18 36
23 2 18
23 1 8
15 19 11
6 9 5
14 18 3
11 14 50
7 11 57
20 22 6
20 21 30
1 1 54
23 3 20
0 3 9
8 12 55
1 5 52
12 15 41
3 6 50
16 19 54
16 19 17
3 5 32
22 3 41
20 23 16
15 19 57
10 12 26
17 21 43
6 11 28
10 13 37
14 17 30
10 12 28
12 17 2
11 14 31
6 10 4
6 8 32
13 15 41
14 17 35
7 10 28
22 0 18
7 9 11
3 6 25
19 22 3
10 13 30
9 12 44
10 13 38
17 21 10
6 9 18
2 6 17
6 10 43
14 17 27
11 13 27
17 20 59
1 4 3
16 19 2
14 17 46
20 23 53
16 18 45
19 21 50
14 16 52
19 22 59
9 12 51
23 3 5
20 0 60
0 3 33
17 21 17
7 10 21
12 15 55
11 13 32
12 14 50
13 18 49
0 4 18
16 18 58
14 15 37
9 11 38
13 16 8
3 8 34
21 1 10
15 18 46
21 0 55
23 4 10
6 8 13
0 4 11
21 23 22
10 15 27
9 12 40
16 19 5
0 4 28
6 8 27
8 12 35
23 3 27
17 20 16
6 10 52
3 6 55
21 1 28
10 12 47
12 15 22
14 17 32
19 22 1
7 10 24
2 5 10
5 7 4
18 21 18
17 19 24
6 8 34
10 13 2
18 21 6
9 11 56
10 13 24
22 0 41
15 17 21
18 22 4
20 0 7
22 3 21
13 17 22
20 0 36
19 23 16
8 11 57
20 0 52
1 4 40
18 19 13
5 8 1
1 4 47
15 17 60
2 7 13
12 16 8
4 6 32
4 6 42
11 16 39
12 14 7
2 7 3
9 9 14
8 10 55
9 11 30
20 23 12
4 6 38
16 19 1
18 19 28
5 8 13
19 23 16
4 6 52
5 7 29
16 20 18
16 20 16
9 13 45
9 12 19
23 2 4
16 18 4
17 21 50
4 6 9
21 0 59
16 18 19
18 21 9
15 18 9
1 4 49
14 16 32
3 6 58
19 23 50
9 12 60
21 0 9
7 10 52
22 0 43
12 15 51
6 10 36
5 8 6
22 0 54
19 23 15
21 0 23
21 23 14
15 19 24
0 2 8
16 18 39
19 21 42
22 2 25
15 20 3
22 2 26
7 10 59
4 6 29
2 4 54
2 5 31
2 4 51
20 23 38
3 6 56
2 4 52
10 14 17
14 18 37
3 5 32
9 11 59
10 14 5
7 12 30
13 15 10
18 21 32
17 22 12
7 9 21
13 16 59
22 1 55
7 11 27
21 23 17
12 16 3
21 0 32
11 15 30
4 8 52
12 16 53
17 20 21
10 15 46
16 19 40
16 19 52
2 4 11
0 4 43
7 11 4
6 8 39
3 7 33
17 19 32
8 10 2
21 23 55
21 1 9
13 17 60
6 11 53
23 1 57
14 16 10
15 19 53
13 15 43
9 10 53
14 17 30
13 15 10
20 22 1
22 1 36
7 9 14
9 11 2
1 5 49
10 11 32
5 8 44
11 13 48
8 10 23
6 10 56
5 8 18
19 22 23
1 6 13
6 10 18
14 16 52
10 14 35
2 6 38
13 16 8
14 15 42
15 15 1
12 14 18
16 17 51
14 18 23
8 13 30
18 21 19
21 23 9
16 21 10
0 2 33
2 4 13
14 17 58
8 11 31
18 21 46
20 22 26
0 4 47
17 20 16
21 23 11
11 13 18
22 2 37
7 9 9
20 23 3
17 20 45
16 17 60
22 2 19
14 18 12
0 3 32
15 18 3
12 13 47
4 8 44
14 17 56
12 16 16
3 6 27
11 16 27
18 21 28
11 15 39
15 16 37
6 9 43
20 0 39
14 17 11
10 14 35
1 6 59
15 18 46
1 4 16
19 21 1
20 1 41
12 13 48
9 11 46
5 8 15
14 16 47
7 12 47
2 5 2
5 8 21
18 20 51
14 17 28
14 16 16
2 4 15
20 23 10
13 16 54
15 16 29
17 20 25
23 1 22
16 18 45
17 20 1
23 1 42
20 0 2
14 17 9
17 20 45
20 23 35
20 23 56
15 17 15
11 16 49
4 8 33
9 12 39
11 15 57
21 23 30
2 5 10
15 18 49
16 19 47
0 2 16
12 14 3
0 3 59
15 18 17
13 16 48
15 18 22
11 15 35
7 11 33
5 9 45
7 8 59
16 19 31
4 8 36
7 10 37
22 2 23
13 16 58
14 18 12
15 19 46
21 0 43
23 3 35
21 0 47
6 10 13
11 13 6
5 7 57
12 14 14
2 4 30
9 11 55
14 16 28
7 11 33
0 3 37
2 5 27
10 12 49
0 3 21
21 0 51
16 18 27
23 2 54
19 22 52
4 9 36
12 16 20
20 21 39
7 9 21
10 12 44
7 12 25
22 1 51
13 16 14
1 4 49
16 20 44
23 2 56
22 0 38
18 22 20
12 14 28
8 12 42
8 10 26
10 12 33
15 17 56
19 23 47
22 3 15
15 17 36
20 23 45
1 5 50
14 17 47
13 17 42
21 23 15
4 5 27
14 17 31
15 17 33
22 1 1
0 4 11
17 19 42
8 10 18
5 9 13
22 23 27
9 12 9
6 9 29
1 4 36
17 20 35
14 16 8
9 13 30
1 4 11
11 12 18
2 7 50
0 2 12
1 3 48
8 12 53
16 20 29
14 18 50
23 3 45
1 2 3
4 6 36
8 10 21
6 9 8
21 1 38
7 9 30
8 10 3
5 8 53
0 3 46
23 2 27
15 17 48
8 10 42
14 18 9
5 8 24
21 0 38
2 4 49
17 21 4
19 21 16
20 23 15
8 11 39
15 19 8
0 3 49
23 2 11
18 20 42
18 20 25
3 8 12
18 20 3
4 9 54
2 5 41
16 18 38
2 5 24
2 4 28
16 18 57
23 3 33
13 17 12
9 14 34
2 6 56
23 1 22
18 21 49
19 22 56
12 16 41
8 11 19
23 1 48
1 2 39
14 19 56
0 6 52
14 17 38
23 3 36
12 15 54
14 17 60
22 1 57
19 22 9
3 6 17
6 10 24
12 15 20
7 9 14
16 19 19
16 20 25
20 23 22
0 5 1
13 15 15
15 20 9
17 20 37
4 7 20
16 19 20
19 22 51
8 13 19
2 6 25
19 20 57
2 5 4
18 23 7
11 13 17
12 17 27
18 20 47
23 3 58
7 9 60
17 22 13
17 20 45
15 18 15
2 6 23
13 16 26
15 18 54
22 3 11
10 12 54
12 15 30
14 17 43
13 17 19
23 2 55
11 13 9
6 8 39
7 10 29
18 19 57
1 4 59
4 8 34
17 22 47
14 20 14
6 9 2
23 1 23
8 10 3
6 8 59
7 10 25
1 5 25
4 5 27
7 8 28
5 9 35
19 23 16
11 14 30
22 2 3
6 9 32
16 19 48
0 3 22
20 22 47
15 19 50
13 16 33
8 12 55
14 16 14
18 23 38
7 11 53
0 1 15
18 20 15
22 1 55
1 4 44
3 4 5
7 8 46
13 17 3
18 21 33
1 5 17
19 21 49
9 13 16
14 17 1
0 3 2
22 0 46
19 20 50
0 3 36
2 6 24
20 23 7
19 21 48
9 13 1
11 14 55
16 19 28
0 4 39
9 13 6
13 15 11
7 11 23
23 2 4
23 2 45
15 20 20
20 1 39
16 18 26
6 9 8
17 20 47
7 9 29
16 18 17
6 7 42
14 19 47
6 10 32
18 21 14
19 22 50
7 10 36
15 17 53
6 9 1
14 17 23
21 1 44
9 13 52
8 11 53
6 7 22
5 8 38
5 8 39
15 19 27
15 18 34
2 5 15
21 0 48
0 3 29
17 20 22
20 23 9
18 20 9
1 3 34
12 15 16
22 1 55
18 20 56
17 18 29
16 20 5
6 10 33
23 1 49
18 22 23
21 23 12
13 17 17
15 19 16
23 2 19
13 16 19
0 2 45
17 19 57
23 2 28
17 17 25
6 8 1
8 10 18
16 19 48
13 17 18
1 4 1
18 22 38
7 9 42
0 4 34
20 22 7
16 20 7
15 18 44
2 6 48
2 4 12
17 21 8
16 20 27
6 9 28
5 8 48
23 4 33
12 12 24
15 17 60
8 10 57
13 18 4
17 20 38
16 21 22
1 4 16
23 2 19
18 21 15
2 6 2
13 15 8
16 19 40
10 12 33
16 19 27
11 14 8
16 20 55
0 3 49
17 20 29
16 19 43
21 0 49
13 16 33
16 20 4
3 6 4
5 6 43
21 1 5
22 1 39
9 13 17
18 21 56
6 9 7
21 22 19
6 10 14
17 21 26
23 1 31
3 4 19
13 16 52
22 23 9
3 7 35
0 2 24
6 9 46
1 6 12
13 16 54
17 19 41
10 14 53
13 16 37
16 18 45
20 23 32
0 3 22
22 2 57
4 7 16
1 5 32
9 13 41
21 3 57
2 7 16
7 9 51
19 22 41
12 15 18
23 3 36
4 5 36
23 2 4
5 7 2
17 20 4
12 15 6
3 6 27
10 14 58
22 1 37
6 9 29
18 21 30
23 0 32
2 5 48
5 10 10
10 13 35
5 10 32
10 13 37
1 3 16
13 17 48
11 15 13
3 6 56
5 8 17
4 6 11
10 14 39
7 11 7
21 1 57
5 10 38
17 21 58
14 16 5
21 23 55
6 8 24
14 17 47
19 23 15
1 3 49
22 23 48
5 7 56
4 8 14
14 17 52
22 2 22
15 17 47
7 9 50
7 10 7
15 19 31
3 6 50
1 4 6
17 20 16
21 22 16
23 3 15
19 23 32
0 2 59
13 16 46
2 5 14
11 15 50
17 21 33
20 0 16
9 9 1
18 20 53
14 17 41
11 13 41
19 21 56
21 0 59
18 21 41
17 21 56
11 14 57
19 21 7
1 4 7
7 9 29
20 0 9
20 0 24
0 3 58
6 10 36
3 6 57
7 8 47
8 11 39
22 2 44
15 17 60
4 9 3
22 2 21
0 5 4
8 12 49
17 20 52
20 23 20
4 8 2
5 9 31
19 23 27
13 16 9
13 17 1
20 22 56
2 3 50
13 18 23
22 1 51
15 19 57
20 23 47
22 3 21
16 19 43
10 13 60
7 10 6
1 4 19
3 5 5
17 17 17
6 11 49
12 15 56
4 8 31
16 18 34
4 7 16
1 3 53
22 1 10
12 14 34
9 11 31
6 10 59
21 0 11
23 2 56
13 15 44
9 13 56
7 10 54
21 1 30
9 13 21
3 7 5
22 1 17
12 14 44
12 15 47
7 11 30
2 4 43
3 6 39
7 12 59
16 19 31
18 21 26
21 0 58
14 18 48
16 20 46
3 8 31
17 20 55
11 15 44
14 18 32
2 5 42
9 13 55
12 16 31
23 4 16
9 11 41
4 8 39
2 5 41
6 9 1
12 15 30
2 5 57
9 12 24
21 0 27
23 2 21
18 20 31
7 8 28
10 13 22
5 9 59
18 22 45
1 5 6
20 23 37
19 21 49
10 12 18
6 9 43
22 1 5
22 4 34
19 21 10
22 3 23
5 11 17
7 11 45
21 0 40
4 6 7
0 3 1
12 14 34
3 6 23
3 5 27
15 18 57
6 9 58
3 5 32
18 22 3
19 22 37
9 11 32
3 8 46
9 13 16
17 21 20
2 4 37
15 18 12
16 18 1
7 10 5
8 11 13
13 16 12
22 2 12
23 2 28
18 21 16
9 14 55
0 3 35
5 10 55
9 11 35
11 14 56
11 14 31
20 0 19
7 9 9
11 15 55
15 16 12
7 8 9
15 18 22
2 5 41
0 3 20
7 10 60
1 4 15
23 1 20
18 21 17
16 19 31
19 22 19
14 19 37
8 13 49
2 4 43
9 12 54
9 11 54
22 1 10
5 8 28
14 17 10
4 8 33
3 6 46
15 18 17
9 12 33
15 17 25
10 14 21
20 0 2
21 1 3
4 6 4
14 17 44
16 18 21
4 7 16
11 15 1
12 14 25
17 21 50
10 13 31
14 17 4
14 18 43
8 12 32
4 7 54
13 16 60
20 1 51
6 9 59
7 9 37
3 6 23
23 3 20
19 20 35
22 2 48
19 21 22
10 12 54
19 21 12
16 19 58
1 4 45
17 21 13
21 1 1
17 20 34
10 12 60
20 1 60
2 5 26
3 5 3
18 21 43
5 7 10
22 2 55
12 17 33
6 9 1
16 18 11
11 13 10
21 0 23
23 2 41
23 3 4
21 23 22
16 22 39
12 15 22
8 12 42
3 5 14
20 23 46
21 22 27
21 1 53
8 11 19
0 1 43
14 15 55
4 8 30
22 2 26
21 1 47
8 10 11
20 0 12
9 11 11
19 21 28
19 21 25
22 2 48
9 13 16
3 8 2
16 19 13
13 15 45
15 20 45
19 22 38
9 11 31
17 18 54
18 21 13
22 1 8
2 7 42
2 6 27
17 21 13
10 13 33
11 13 48
14 16 23
2 4 50
16 18 32
16 19 11
5 8 42
10 12 14
22 23 7
9 11 27
1 4 5
18 22 18
12 16 3
21 1 16
18 22 33
14 18 8
9 12 27
21 0 32
2 6 13
19 22 49
7 11 35
18 21 21
12 17 31
4 8 16
4 6 56
3 8 9
18 22 9
15 17 57
13 16 11
13 16 14
6 9 15
7 10 57
4 8 31
7 10 7
0 4 59
20 23 50
4 7 47
13 14 59
12 15 52
15 16 6
22 3 20
1 5 36
10 12 17
14 16 42
12 15 23
3 6 49
3 6 16
10 13 48
21 0 1
18 21 19
14 16 21
20 22 28
9 12 47
11 14 40
18 23 11
15 18 42
23 3 19
1 3 5
17 20 34
21 1 47
15 18 20
18 21 29
4 8 31
3 6 11
20 23 15
18 20 49
3 7 57
16 19 36
1 3 12
20 1 32
9 12 37
23 2 26
23 3 36
9 12 35
7 10 16
2 5 27
22 1 46
12 14 34
2 5 21
15 17 37
8 11 23
0 4 48
9 11 4
16 19 51
2 6 4
21 1 52
3 6 44
23 2 15
22 1 6
23 1 49
1 4 55
23 3 37
18 21 15
5 6 22
12 15 52
9 11 8
7 10 19
4 9 1
23 2 42
8 10 50
3 6 8
15 17 10
6 10 4
18 22 9
18 22 8
18 21 9
15 18 21
22 23 58
2 4 1
20 23 53
20 21 28
23 3 57
1 4 28
3 8 15
15 19 53
17 20 17
8 12 21
9 11 4
21 0 14
23 23 20
10 13 3
11 15 56
8 11 9
11 14 39
11 14 50
7 11 40
21 0 44
20 23 50
23 2 16
20 21 17
4 7 22
12 16 2
1 3 49
14 18 24
23 2 13
1 4 36
10 13 53
18 21 13
15 17 12
18 19 52
0 3 16
7 10 60
7 10 51
1 3 59
16 18 5
20 23 17
16 18 50
4 6 36
2 6 30
14 18 50
13 17 9
11 14 18
23 2 25
22 1 37
8 12 47
0 4 58
22 2 39
1 4 9
6 8 45
14 17 51
16 17 15
14 17 46
21 1 34
3 7 47
21 0 19
19 22 43
8 13 56
4 7 52
20 1 42
7 9 55
15 18 5
4 7 29
20 0 3
20 2 22
0 3 31
12 16 10
13 16 24
19 23 15
1 6 37
9 13 10
4 7 28
22 1 25
9 13 31
6 10 10
8 11 51
8 12 56
1 3 28
3 6 3
8 11 58
13 18 49
7 11 55
15 18 36
0 4 7
0 4 26
4 5 32
12 16 54
14 17 14
12 15 38
18 22 29
15 19 20
22 0 22
11 15 11
6 9 31
10 14 48
6 9 32
2 4 28
17 20 51
18 21 10
20 22 28
22 2 20
7 9 24
16 19 2
12 14 48
8 11 21
14 19 48
17 20 20
18 21 59
1 4 9
22 2 5
2 6 43
7 12 22
7 10 47
0 4 23
16 19 44
20 22 2
16 19 10
0 4 39
8 9 1
17 17 7
16 19 16
10 12 4
9 12 53
22 1 25
4 6 9
4 5 9
7 11 53
3 6 30
14 17 41
1 5 7
11 14 53
19 23 48
4 6 29
21 2 50
0 2 17
14 19 31
8 11 40
8 11 48
16 20 31
14 15 23
12 15 59
22 2 58
17 21 8
11 15 8
13 16 55
20 22 48
21 2 43
22 23 42
1 4 15
10 13 17
5 8 24
13 16 60
5 9 28
16 20 51
20 22 16
9 11 34
7 11 36
9 13 29
8 10 46
9 12 25
1 5 40
19 0 52
23 1 16
5 9 44
6 8 29
6 9 22
13 15 41
17 17 51
10 14 38
4 9 4
10 12 32
23 3 19
7 12 59
12 15 17
17 18 10
5 8 45
19 21 38
23 2 32
3 8 16
16 21 40
18 20 21
23 1 47
4 9 35
12 15 43
18 20 32
5 10 43
7 10 21
11 13 28
8 10 28
0 4 42
7 11 48
23 1 19
0 3 44
4 7 26
5 9 12
19 23 52
1 4 9
10 14 16
23 2 41
3 6 51
14 16 6
22 1 45
13 17 37
6 8 35
8 13 54
22 1 15
0 3 41
4 5 24
7 9 23
0 4 15
12 15 52
14 18 28
19 21 48
8 12 18
6 11 59
21 0 23
11 15 5
21 1 36
12 14 11
12 15 46
23 1 1
2 5 47
2 4 34
4 9 21
22 1 46
6 9 16
11 13 46
17 20 51
5 8 32
9 10 14
20 22 31
23 3 23
6 9 2
22 1 29
2 4 46
13 13 9
22 0 32
17 22 41
6 9 31
2 4 16
9 12 38
11 15 23
11 15 45
6 9 24
9 10 8
6 9 6
2 4 35
12 16 29
6 11 20
12 16 42
18 22 30
15 18 36
16 20 35
0 2 17
3 4 28
11 14 38
3 6 52
7 10 8
3 7 20
18 21 15
13 15 34
18 23 2
20 22 33
0 2 48
19 21 10
4 7 48
7 9 44
15 18 17
22 0 8
14 18 44
22 1 25
18 21 27
10 13 32
4 8 23
18 20 18
13 16 60
2 4 7
7 10 45
21 0 21
2 5 30
10 14 41
20 21 47
6 9 6
13 17 37
11 13 44
18 21 44
13 17 10
23 2 56
23 1 6
20 1 40
10 12 35
4 6 43
13 16 59
7 11 6
14 18 55
12 14 60
6 9 13
15 19 20
0 4 9
14 17 10
1 6 30
21 0 58
9 13 48
13 15 50
16 21 36
15 19 16
0 3 29
1 5 8
4 5 23
0 4 30
13 15 28
23 1 41
20 23 44
14 16 53
1 3 53
6 8 56
8 10 25
2 3 23
22 2 5
6 10 2
9 13 11
17 20 15
2 5 18
8 9 42
6 9 50
21 23 35
4 7 37
12 15 7
14 16 52
9 13 11
23 5 3
6 8 34
13 17 44
9 12 36
6 8 6
3 5 35
5 7 21
13 16 21
5 9 5
16 19 19
3 6 20
22 2 54
11 15 44
19 0 38
7 10 51
12 15 60
10 13 39
11 14 17
2 4 54
16 19 21
10 11 14
15 17 33
7 8 20
18 21 4
10 12 21
19 1 29
3 6 31
12 15 16
5 8 49
11 13 25
23 1 29
3 6 47
1 5 32
14 16 19
12 15 44
14 16 49
1 3 1
15 17 11
9 14 16
20 22 56
5 8 33
7 11 50
11 14 20
23 3 50
13 17 32
21 0 45
18 19 17
8 10 43
17 19 55
15 19 22
23 1 19
9 12 16
9 14 43
7 11 35
4 8 3
11 12 39
22 1 23
16 19 33
1 5 41
21 1 19
15 17 35
18 22 9
2 6 6
23 1 13
15 17 50
5 7 17
7 11 43
11 14 6
3 5 57
4 6 28
19 22 3
16 20 36
18 20 2
2 5 51
5 7 54
3 8 33
23 2 12
12 16 37
13 18 40
23 1 7
17 21 30
9 13 17
14 16 6
1 3 7
15 18 1
16 17 58
2 5 43
2 7 43
15 18 10
21 0 45
1 1 50
22 23 47
4 7 13
23 0 16
2 5 54
2 4 11
19 21 20
13 18 2
4 6 59
9 13 5
6 6 19
21 2 34
14 17 15
13 16 6
21 1 58
10 13 47
22 1 24
17 22 8
14 17 59
12 16 13
2 5 38
11 13 9
9 13 7
5 8 32
17 19 3
4 6 57
19 22 54
4 7 40
10 14 24
9 13 13
1 5 54
16 18 48
10 14 44
17 20 14
13 16 45
9 11 12
22 1 43
14 17 41
16 19 8
3 8 15
7 8 42
17 19 22
8 12 28
7 10 21
12 15 60
6 9 40
2 6 50
2 5 12
9 12 18
9 13 22
4 6 58
5 9 11
7 10 17
16 21 40
22 2 54
22 0 48
0 3 57
19 20 29
12 15 9
8 10 34
10 14 10
16 19 19
16 18 4
6 7 29
14 18 22
10 13 18
18 22 14
9 13 35
12 14 41
23 2 24
17 18 8
2 5 34
14 17 57
1 5 57
3 6 37
8 9 14
22 2 22
12 15 9
11 14 14
5 9 12
20 22 35
16 19 32
1 5 33
17 20 4
2 5 13
21 22 48
1 3 24
12 18 22
16 19 35
4 5 54
2 5 34
21 1 48
17 22 20
1 3 7
7 11 38
13 15 26
9 13 31
3 7 36
9 12 50
16 20 60
10 13 9
1 5 42
4 8 22
12 15 51
22 3 52
7 8 4
1 5 34
4 8 31
5 9 38
10 14 60
1 5 3
5 8 7
6 9 40
23 2 4
20 23 11
9 12 21
12 14 17
9 12 2
3 5 31
11 14 31
21 23 14
5 10 52
17 21 37
16 17 59
18 21 49
17 20 60
23 1 23
6 10 24
11 14 20
9 10 37
7 9 12
21 23 49
18 20 32
18 21 54
5 8 49
2 4 10
19 22 29
20 22 55
3 5 27
4 7 22
7 10 42
19 0 24
9 12 57
22 1 10
13 17 3
1 4 2
17 21 4
10 13 11
6 10 48
10 13 55
3 6 20
22 0 14
12 14 12
18 20 28
8 12 52
11 13 47
9 13 21
23 2 22
7 9 41
16 18 5
20 0 19
20 22 37
13 18 3
6 9 29
4 7 4
3 6 58
9 11 29
1 4 28
0 3 37
15 18 48
10 13 13
12 17 10
3 5 10
16 19 6
4 7 60
22 3 11
16 19 20
2 6 43
13 17 27
21 1 23
8 10 49
8 10 32
13 16 7
22 3 36
0 1 7
13 15 23
5 8 40
9 12 54
19 21 10
3 6 58
2 6 1
9 12 36
0 2 43
18 21 27
23 2 51
7 12 46
13 16 8
14 16 57
12 16 39
9 11 23
7 10 34
19 22 56
18 22 39
10 13 48
20 21 52
18 21 8
8 12 50
17 21 29
19 23 31
8 10 19
6 8 46
17 21 34
22 0 36
13 16 16
9 12 49
15 20 48
0 2 45
8 11 26
22 1 5
5 8 36
8 9 54
10 13 15
20 0 20
11 14 27
19 23 27
12 17 30
5 9 18
22 1 25
1 2 5
19 21 26
13 17 49
19 0 38
11 14 23
10 12 4
23 4 49
2 3 21
13 16 6
22 1 3
22 1 16
22 0 12
17 21 46
1 4 58
17 19 19
1 4 17
12 16 39
2 4 42
13 16 35
22 0 40
14 18 34
11 14 5
9 12 55
8 11 36
0 3 18
5 9 7
11 15 23
0 4 39
5 8 50
17 18 1
17 19 20
11 15 45
1 3 52
11 16 18
15 19 60
23 2 31
18 21 23
7 10 35
20 21 8
22 1 2
4 6 57
13 16 29
3 8 44
6 9 12
9 13 51
3 5 46
16 19 6
7 10 54
19 21 43
0 3 10
18 21 14
16 20 16
16 20 19
12 15 45
22 1 16
11 14 32
14 17 5
9 13 7
3 7 40
14 17 3
9 13 37
16 19 11
23 2 1
14 16 15
5 9 47
10 12 14
20 23 57
6 8 30
17 20 10
4 5 11
9 12 26
14 18 53
9 11 15
21 23 59
17 22 33
0 3 1
13 17 1
8 11 25
19 23 24
8 11 34
8 8 5
15 18 20
19 22 12
18 21 5
18 20 42
4 7 41
11 14 35
3 6 56
18 21 5
7 11 15
3 7 10
9 11 2
23 2 38
17 20 4
9 12 37
3 6 36
22 1 20
11 16 60
23 1 28
15 17 21
0 3 26
12 15 11
11 14 59
4 7 37
19 22 59
21 0 9
19 21 16
2 3 39
20 0 7
9 12 30
18 20 30
23 4 59
6 7 50
0 3 22
19 22 57
6 9 16
21 1 9
15 18 43
8 11 2
12 16 36
3 8 16
4 8 26
9 11 1
13 16 52
5 7 56
3 7 34
23 2 18
11 12 40
16 20 59
8 10 4
20 0 26
10 12 34
19 23 58
21 0 31
4 6 57
13 15 21
17 19 50
20 0 16
7 9 12
4 8 36
11 13 50
12 14 18
22 1 7
13 17 11
7 10 20
7 10 28
22 1 28
9 13 24
0 4 5
9 11 41
13 16 24
5 8 27
0 4 40
9 13 25
4 7 59
16 21 59
21 1 30
14 16 2
23 0 60
20 23 10
3 5 14
7 9 54
0 4 11
5 7 58
18 21 34
1 3 24
18 22 13
1 4 27
21 0 55
8 10 25
22 1 41
17 20 51
5 9 16
22 0 19
19 21 54
18 20 23
7 11 42
5 8 59
18 22 5
14 18 37
5 9 29
12 15 18
21 22 42
0 3 18
18 20 1
2 5 41
16 18 36
8 9 26
11 15 11
14 17 10
9 11 44
6 9 42
11 14 44
16 19 53
23 2 11
10 14 41
18 20 30
12 14 44
3 5 15
3 6 38
13 16 14
13 13 51
2 5 5
6 8 10
2 5 30
3 6 10
10 13 3
18 20 17
4 8 44
11 14 5
13 16 29
21 1 51
23 2 23
1 2 14
20 23 60
2 6 20
2 5 7
0 3 33
9 12 26
22 3 4
17 19 10
8 10 5
7 10 42
20 23 60
10 14 41
16 19 18
3 6 21
12 17 18
15 18 29
14 16 39
10 12 28
21 0 42
22 1 1
16 20 19
7 11 2
14 18 9
4 6 50
16 19 56
1 4 58
19 22 15
3 8 12
4 6 44
3 6 7
18 21 50
1 3 60
1 4 9
0 1 21
0 3 50
0 3 11
21 0 57
23 3 49
16 19 39
16 17 48
2 6 24
15 19 36
3 7 33
14 17 9
8 10 49
14 16 40
22 1 45
14 17 51
5 8 19
3 6 19
15 19 47
9 13 17
0 4 14
5 8 56
19 22 33
22 2 3
18 22 8
5 9 47
10 15 26
19 21 28
18 20 18
5 9 26
21 1 27
14 17 23
22 1 34
0 3 36
0 3 58
14 16 38
3 8 52
20 23 13
5 8 5
11 14 21
5 7 47
19 22 49
11 14 19
2 6 53
17 20 16
20 1 12
9 12 2
18 21 7
0 3 57
3 8 9
19 22 43
22 0 53
14 17 12
7 10 34
5 8 6
1 5 6
8 9 36
22 23 27
10 13 40
20 22 28
0 3 15
7 10 48
0 3 41
16 18 48
18 21 42
1 4 57
13 16 40
5 9 27
8 9 50
20 21 8
13 16 5
21 23 43
23 1 44
23 2 60
13 17 59
10 13 18
23 2 54
18 21 45
15 19 59
18 22 3
15 19 7
18 21 19
1 3 57
5 8 44
22 1 4
19 22 30
13 16 51
5 8 19
21 2 30
16 18 13
7 11 56
1 4 43
22 2 21
14 16 36
5 7 45
8 11 15
7 8 20
3 6 34
21 23 34
18 22 25
17 20 59
6 9 49
3 6 6
13 15 56
19 21 30
8 8 6
8 11 25
6 7 46
18 22 11
14 19 46
6 8 58
4 8 47
8 9 47
15 19 7
5 8 56
22 0 5
1 5 41
5 9 42
6 7 32
14 19 35
20 1 22
5 7 34
21 2 46
15 18 24
14 17 28
10 12 32
2 7 13
7 11 10
17 19 28
20 23 20
1 5 49
19 22 2
21 0 60
21 1 9
5 7 58
23 2 10
8 10 24
11 13 16
11 14 51
11 15 17
9 12 52
23 2 51
3 7 49
14 17 50
20 22 47
10 12 42
11 14 46
15 19 38
4 9 60
8 13 8
11 14 24
13 17 1
0 2 24
22 1 21
6 9 16
22 1 14
17 21 35
10 13 28
3 5 8
1 3 50
20 0 50
12 13 33
16 19 60
23 1 19
13 17 50
12 15 5
21 23 14
14 17 34
14 19 2
5 8 6
10 12 2
16 20 8
20 23 38
18 21 20
6 9 52
21 0 39
17 20 57
7 9 59
13 15 25
7 10 34
3 6 14
4 7 18
13 16 58
12 15 51
7 10 16
9 12 2
4 7 47
0 4 7
8 9 51
1 5 31
17 19 24
21 1 14
11 15 10
8 10 53
1 3 48
21 1 56
6 8 49
4 6 57
6 10 36
2 4 42
15 17 18
16 19 43
8 10 28
21 23 26
20 23 54
20 23 8
17 21 53
18 20 5
11 15 8
12 17 21
13 15 18
7 10 19
14 18 52
6 10 14
16 18 25
4 10 30
2 5 19
7 8 55
17 20 34
12 14 59
9 12 43
9 12 24
10 13 10
13 14 20
18 21 55
7 10 23
15 17 48
20 23 35
8 11 3
2 5 7
12 16 12
6 9 38
1 4 13
3 7 34
18 21 60
2 4 22
6 10 20
0 3 16
4 7 31
16 20 2
4 8 31
13 17 34
4 6 59
14 16 7
7 10 38
4 5 14
21 1 7
3 6 22
11 14 6
7 11 21
0 2 48
15 17 46
21 0 40
18 20 20
9 14 2
3 6 5
8 11 23
19 22 55
4 6 22
8 13 50
17 19 57
23 3 1
10 13 24
22 23 34
8 11 53
23 2 22
0 4 4
13 17 50
18 21 31
1 4 56
18 21 33
11 14 7
14 16 19
14 16 28
18 20 24
21 1 1
2 5 1
17 18 4
20 22 35
13 14 19
21 23 11
15 19 23
5 10 12
9 11 4
18 21 36
17 21 35
18 20 51
18 21 50
17 20 52
20 23 1
11 14 40
0 2 60
15 16 43
10 13 20
15 18 11
4 7 44
19 23 22
8 12 46
15 18 22
10 12 32
16 20 40
4 5 14
14 18 24
6 10 55
0 2 58
1 4 4
17 20 48
15 18 30
19 23 60
14 16 51
2 4 58
11 14 7
5 9 12
18 21 35
13 14 6
20 0 60
17 19 31
3 7 15
23 2 47
8 11 20
7 12 29
8 12 37
15 19 17
16 18 54
10 13 23
8 10 49
13 15 54
11 14 25
4 7 5
1 4 12
22 2 45
21 23 11
3 7 18
15 16 2
12 15 14
2 6 19
19 20 42
7 10 15
11 15 29
4 7 41
17 20 10
12 14 53
16 19 9
5 9 10
1 2 24
14 18 51
9 11 35
10 12 41
0 2 10
6 10 5
17 20 40
11 12 41
20 0 33
13 17 59
20 22 39
4 7 7
3 5 57
1 4 46
21 0 5
21 0 27
6 9 17
3 6 34
17 19 42
20 23 54
8 10 2
15 18 30
13 17 11
9 12 41
16 21 18
16 20 5
2 7 51
23 3 5
3 5 34
20 0 52
20 23 59
19 22 29
12 16 49
17 19 34
14 17 34
4 6 36
22 1 47
8 11 42
5 6 9
6 9 24
3 7 3
21 0 31
9 12 6
4 8 24
11 14 44
12 17 55
9 12 11
3 8 8
15 17 14
20 21 43
13 15 48
10 12 51
3 5 31
12 15 45
6 9 16
20 23 51
16 20 21
15 20 47
15 18 20
1 6 54
15 20 4
2 5 47
9 14 28
10 12 13
6 8 14
20 23 26
10 12 20
22 0 22
4 7 56
22 1 50
3 6 50
17 20 1
8 11 47
16 19 15
1 5 56
6 9 33
0 0 21
7 10 31
19 22 11
5 6 27
13 15 40
16 20 7
15 19 51
4 8 10
22 0 6
23 3 3
7 9 9
10 11 55
2 5 17
0 3 59
23 1 11
18 21 53
11 14 55
6 10 44
5 7 52
19 22 25
20 22 45
18 21 36
19 21 3
22 22 31
15 17 25
17 20 14
1 4 46
1 3 44
6 9 31
4 6 5
14 18 55
16 20 19
22 1 26
13 17 13
6 10 37
13 14 14
0 3 59
1 3 6
23 2 36
16 19 16
14 17 24
23 2 8
18 21 28
8 12 33
21 1 17
0 3 6
14 15 48
18 23 35
22 1 36
2 6 40
8 12 9
5 9 3
18 20 44
21 0 42
13 16 27
0 1 58
6 10 43
16 19 14
22 1 33
13 17 19
12 15 38
10 13 21
22 1 34
17 18 54
12 15 5
15 21 5
22 1 28
21 0 50
17 19 60
2 5 59
11 16 14
15 18 13
19 22 30
6 9 25
23 1 2
4 8 11
6 10 13
20 23 43
11 17 5
16 20 50
1 3 1
6 9 39
0 5 45
23 1 29
20 23 31
5 9 57
9 11 36
19 22 34
8 11 23
0 3 4
2 4 46
21 0 56
6 11 51
17 18 22
19 22 54
22 0 23
11 14 7
21 1 28
8 11 54
1 3 51
10 12 15
6 9 42
20 22 37
23 2 34
4 7 11
14 16 35
19 22 49
5 8 14
14 16 11
13 16 3
20 0 48
1 4 10
9 12 43
19 22 44
11 13 35
19 21 32
2 4 37
4 7 37
2 6 52
17 20 59
21 1 60
12 16 45
11 13 55
15 18 58
8 10 59
21 2 54
15 18 48
1 3 53
7 9 39
7 9 54
11 14 45
2 3 28
13 18 43
0 4 25
15 18 42
19 22 37
21 23 48
14 17 50
11 14 44
7 10 38
1 3 41
11 14 54
23 3 36
13 16 19
20 22 25
7 10 28
22 2 48
16 19 32
17 21 48
21 1 27
8 10 10
8 11 24
1 6 17
4 8 16
8 12 14
3 6 28
23 3 13
5 7 45
20 22 19
13 15 42
12 15 2
2 6 43
23 5 22
15 19 11
22 1 34
12 16 28
1 3 2
18 20 35
22 1 8
13 16 46
7 11 59
7 11 3
13 15 45
2 6 5
16 20 55
16 18 50
15 17 1
22 22 16
0 2 53
19 21 40
8 11 36
10 14 57
1 3 28
18 20 23
17 21 41
19 20 18
8 10 28
1 5 59
18 21 35
7 10 56
15 18 17
12 15 45
5 8 30
15 18 2
4 6 53
16 19 19
21 23 37
7 10 2
10 14 27
12 14 12
22 1 26
11 15 15
19 23 54
6 10 38
3 5 46
12 15 12
18 22 26
11 14 39
4 6 14
1 4 1
4 6 36
16 19 30
13 17 12
3 6 20
9 12 26
16 18 58
1 3 29
7 12 19
20 22 48
22 2 50
14 17 43
18 22 34
13 16 12
11 14 1
21 0 51
5 8 15
9 13 47
12 15 58
2 5 37
6 7 10
11 14 46
2 4 7
3 7 40
2 7 51
8 11 42
8 13 9
6 8 46
2 6 50
22 2 54
17 20 26
18 21 15
15 18 51
7 12 56
3 6 15
18 19 28
3 7 33
11 13 46
3 7 49
9 13 18
22 0 9
7 11 49
11 14 18
12 14 43
21 1 45
20 0 55
10 12 41
7 9 11
8 11 12
11 14 15
19 23 58
1 6 59
14 17 37
14 17 31
16 18 30
20 22 50
0 4 56
6 9 22
21 23 31
2 6 44
6 11 7
1 4 42
10 14 22
6 10 8
4 7 20
4 8 59
20 23 30
16 20 33
4 6 51
19 21 1
3 6 7
1 5 10
2 5 39
11 14 6
11 13 37
1 4 39
4 6 12
23 5 43
17 20 48
5 8 5
4 7 19
7 10 4
7 9 35
7 11 45
11 15 24
11 15 27
23 2 8
12 15 12
1 3 14
3 6 15
20 23 4
10 14 47
18 22 4
12 17 19
8 10 37
21 23 5
0 2 9
18 21 28
6 10 18
8 10 52
14 18 3
1 4 19
22 1 49
20 0 17
7 10 36
11 14 56
7 10 39
5 9 9
14 17 50
10 13 39
0 2 55
13 16 60
19 22 51
7 10 28
19 0 56
11 13 13
10 11 1
7 10 48
14 18 60
22 1 5
2 5 46
10 12 33
9 12 48
6 9 10
3 7 49
2 6 5
10 15 31
3 8 10
14 17 27
14 17 60
8 10 48
3 6 28
16 17 41
0 3 50
4 8 55
6 9 49
4 6 5
0 2 32
18 22 13
0 3 31
15 18 19
16 20 30
21 0 15
22 23 31
22 2 30
8 12 52
16 20 22
5 9 33
16 19 2
9 13 6
17 20 27
7 9 9
19 23 39
2 6 28
23 2 42
12 15 52
20 22 45
21 0 47
19 21 10
6 9 60
6 9 14
2 5 28
20 21 48
12 15 35
0 2 6
0 3 14
18 21 38
11 15 1
17 19 48
12 14 46
7 10 26
14 18 55
6 10 32
5 11 48
20 0 60
11 13 44
3 6 12
4 8 6
4 8 11
5 8 28
19 22 17
5 9 50
17 21 3
2 5 2
14 16 52
5 8 17
8 12 8
6 9 25
1 5 54
21 23 29
13 16 23
15 17 53
22 0 33
22 2 60
8 9 7
5 9 21
8 10 37
8 12 42
7 11 3
0 3 5
8 12 43
18 22 46
10 13 8
3 5 43
18 22 55
3 6 3
22 1 55
6 8 58
12 15 36
8 10 31
8 11 17
17 20 46
11 13 22
16 20 58
12 15 21
6 8 29
12 15 28
23 3 41
0 3 1
17 20 59
1 6 30
18 20 43
14 17 59
9 11 6
13 15 10
2 7 27
1 5 34
9 13 14
13 15 26
2 4 49
20 23 21
1 5 42
9 12 13
3 5 15
22 0 17
2 5 36
16 17 29
12 15 23
12 16 51
1 4 30
22 1 10
5 7 39
2 4 42
15 20 29
12 15 38
12 15 37
2 7 47
8 11 40
20 22 3
7 11 18
9 11 32
16 18 56
20 1 10
16 19 21
6 9 2
19 21 58
1 5 28
21 23 16
17 20 1
20 23 47
16 20 60
8 10 19
9 13 59
21 23 16
4 9 45
12 16 46
0 5 38
4 7 43
5 10 31
22 3 57
22 1 32
0 3 53
17 22 51
21 2 59
8 10 4
21 1 7
11 12 4
13 16 3
9 10 7
7 9 19
18 20 25
12 16 37
15 16 13
23 2 9
11 15 48
20 23 18
9 13 58
22 3 58
5 8 54
3 7 39
7 12 59
16 18 5
2 5 49
2 4 53
14 18 1
9 12 10
16 19 43
7 9 18
0 2 21
15 18 45
14 18 29
5 8 9
1 3 50
9 13 54
13 15 47
17 21 9
5 9 47
18 20 21
2 3 1
7 9 17
11 13 59
3 6 48
16 19 56
14 17 47
13 17 17
0 4 30
12 16 23
13 15 39
15 17 27
5 8 8
6 10 27
3 4 15
12 17 34
0 4 30
16 19 37
7 11 43
3 5 38
2 7 5
18 22 4
20 22 12
14 17 20
7 11 26
14 18 60
21 0 48
0 2 55
23 2 48
9 12 44
18 20 33
9 12 31
20 22 49
9 11 7
15 18 33
19 23 11
15 19 25
9 11 23
19 0 9
17 20 27
16 19 34
15 18 29
2 4 19
16 19 21
2 5 53
8 9 35
12 17 48
18 21 11
12 14 1
5 7 22
3 6 33
3 6 29
2 5 54
0 3 6
17 19 14
12 15 56
4 7 9
8 10 47
13 16 26
1 4 13
7 9 34
13 16 42
12 18 47
20 22 47
22 2 18
2 4 39
15 19 41
13 18 19
22 1 43
10 13 8
18 23 49
19 20 59
4 6 13
19 23 37
16 19 3
9 13 60
11 15 31
17 21 57
5 8 46
8 11 55
11 14 24
1 5 57
8 10 9
11 15 30
4 6 24
7 9 56
12 15 6
23 1 27
15 19 27
20 2 36
13 17 22
20 23 25
17 19 26
17 21 55
15 18 33
22 0 1
8 11 32
21 1 47
18 20 39
0 2 25
10 13 4
0 3 56
15 16 27
19 23 36
21 1 5
18 21 2
4 7 14
3 4 28
15 17 14
9 10 17
8 13 19
22 1 49
7 10 45
13 16 38
3 5 6
15 17 52
2 4 58
16 18 7
20 0 32
12 15 32
16 18 40
11 15 32
9 10 55
0 2 52
14 17 23
20 22 52
18 21 26
19 21 13
8 12 17
20 23 42
15 19 55
6 9 10
2 7 32
23 1 52
3 8 19
12 15 7
21 23 41
10 13 32
15 19 17
1 4 14
19 23 19
11 14 40
16 21 41
8 13 7
9 12 51
17 21 24
5 7 58
18 20 19
15 17 50
23 2 44
2 6 27
7 8 19
5 11 41
13 17 9
10 13 44
2 5 39
3 5 18
5 9 19
21 1 50
22 3 43
17 20 44
0 3 37
14 16 33
0 3 35
23 3 50
9 10 7
11 15 26
20 22 1
13 17 44
17 22 53
15 18 22
15 18 48
7 10 54
13 17 16
10 11 15
18 21 8
8 11 46
6 7 34
8 10 18
1 2 5
6 8 43
11 14 60
20 23 17
13 15 27
12 15 54
20 23 32
18 21 39
0 3 18
9 11 15
20 1 49
14 16 8
23 4 51
10 14 52
16 19 59
13 16 27
21 0 57
15 17 59
15 16 29
3 6 37
21 1 44
17 20 31
11 12 14
4 7 22
9 13 45
14 18 14
4 6 19
22 0 55
16 19 31
21 23 50
23 4 11
15 18 46
12 17 19
17 21 54
12 16 25
21 2 60
7 9 27
22 1 24
20 0 38
22 0 36
3 7 58
6 10 36
18 20 55
2 4 14
23 1 35
17 21 2
17 20 15
13 15 48
12 15 32
17 20 43
0 3 53
23 2 46
18 23 18
9 12 21
10 13 16
20 23 33
0 2 38
12 15 26
7 9 38
6 9 1
12 14 34
8 11 3
3 8 18
17 19 15
11 15 22
2 5 28
0 4 14
16 18 6
8 11 7
15 19 60
10 13 35
23 1 27
11 14 46
10 13 1
2 3 5
13 16 30
19 20 1
14 18 44
8 10 11
23 2 13
20 21 56
19 22 24
11 14 6
23 3 38
8 11 29
16 19 32
11 14 5
11 14 31
17 21 35
5 8 20
3 4 11
2 5 36
21 1 55
6 9 7
21 2 51
8 12 40
15 18 60
16 18 13
13 18 54
20 23 6
15 18 2
2 6 16
2 6 14
6 8 13
6 11 15
4 7 39
10 15 25
10 13 13
10 12 32
9 11 3
5 9 28
3 6 15
14 17 52
0 3 41
5 8 15
14 15 47
1 4 54
0 3 34
12 13 58
11 13 13
11 13 60
14 17 50
3 6 15
11 14 50
3 4 3
23 0 32
12 15 19
0 4 8
15 19 27
4 7 48
10 13 52
19 23 31
16 19 8
22 1 52
7 9 19
8 11 29
6 9 9
15 18 16
17 20 2
8 11 27
9 13 16
19 22 59
17 20 10
17 19 19
5 6 45
20 23 14
6 9 55
3 6 44
22 1 8
11 13 10
8 11 35
4 7 25
7 11 35
19 22 10
15 17 36
15 20 7
19 22 21
22 1 1
3 4 13
16 20 55
8 12 26
18 20 12
21 2 47
5 7 5
14 16 12
22 23 48
15 19 57
20 23 57
15 19 42
8 12 8
13 15 35
0 3 60
6 8 37
22 1 39
1 2 4
17 21 44
9 12 24
14 18 19
1 4 8
20 23 1
4 6 5
4 6 48
11 14 42
19 21 17
15 18 57
0 4 46
2 6 58
14 16 19
10 12 30
21 0 57
13 16 60
14 15 38
17 20 49
13 17 18
10 13 54
20 0 38
20 0 34
7 12 30
12 16 52
12 15 11
0 3 8
19 22 25
17 20 27
6 8 55
14 18 12
11 15 29
0 3 52
21 1 52
2 7 48
19 23 43
18 22 50
3 6 1
4 8 16
22 1 55
3 4 51
17 19 34
12 12 4
3 6 7
7 10 38
10 13 4
9 12 42
6 9 44
0 2 2
6 9 30
8 10 54
5 8 10
23 3 27
10 13 4
11 15 51
22 0 14
11 15 24
7 10 57
15 18 6
8 13 60
4 7 57
1 7 6
19 21 8
20 0 34
15 18 11
4 9 32
23 1 48
16 19 30
16 19 40
1 6 32
1 3 17
11 14 17
14 17 7
8 11 36
6 9 7
2 6 36
16 19 3
2 6 43
14 17 4
2 5 10
0 3 43
15 17 11
10 13 20
15 19 38
17 19 31
20 23 9
20 23 2
2 6 44
5 8 24
16 18 53
16 21 56
20 23 56
6 10 13
10 13 53
11 14 54
11 14 1
1 6 11
1 3 8
1 3 1
23 3 60
19 21 3
9 13 43
8 10 10
6 8 17
16 20 33
6 10 5
19 23 29
11 14 60
12 16 50
12 15 40
9 11 17
15 17 1
9 13 50
4 7 25
18 21 54
20 1 20
13 16 39
12 15 25
0 2 14
7 9 43
13 16 60
10 12 1
20 22 32
16 19 60
19 22 55
7 9 40
17 19 50
23 3 36
22 2 42
7 10 17
15 19 34
7 10 7
17 21 59
16 21 53
20 23 5
5 8 55
12 14 41
0 3 36
19 22 13
17 19 20
8 11 56
2 6 27
8 12 34
14 14 12
14 17 59
21 0 50
9 13 17
7 9 58
23 2 59
9 14 56
8 11 12
23 1 40
9 11 49
16 20 46
13 14 54
1 5 17
3 6 33
12 15 57
12 15 17
23 3 53
18 21 53
4 7 43
19 22 15
11 14 47
0 4 35
5 8 22
18 21 2
23 1 15
14 18 29
2 7 58
4 6 9
19 21 11
0 1 48
17 21 35
21 0 15
10 13 45
16 21 47
19 21 51
19 21 48
22 0 50
1 4 54
0 2 50
13 17 28
19 23 34
15 18 31
9 12 27
17 20 5
23 3 48
15 19 33
10 15 40
22 23 18
21 23 33
17 19 14
12 15 5
20 22 47
19 22 49
1 3 22
1 5 60
22 1 55
15 18 11
13 16 25
10 14 47
16 18 59
23 4 37
20 23 18
18 22 10
17 21 52
10 14 21
5 7 45
4 7 50
9 12 12
21 0 17
19 22 29
10 12 28
12 14 48
22 2 51
7 13 13
3 6 50
17 20 22
5 9 18
14 18 29
14 18 7
16 20 33
3 6 41
19 21 4
23 2 22
5 9 2
21 0 4
7 11 26
17 20 24
3 5 27
8 10 58
9 11 13
13 16 6
9 12 3
1 4 2
11 13 25
21 2 10
15 18 40
16 19 16
7 8 12
2 4 8
9 11 43
20 22 32
1 2 10
17 20 21
15 19 31
0 1 31
5 7 23
11 13 33
8 11 60
1 5 35
5 9 19
23 1 3
1 1 39
22 0 51
16 20 4
10 13 19
12 13 30
9 12 54
12 15 3
2 5 57
7 10 23
2 5 10
3 5 48
14 17 23
0 1 5
23 1 44
4 6 3
10 14 56
11 11 27
9 12 32
2 5 59
21 0 20
22 3 6
20 23 54
20 1 43
22 1 55
19 22 44
8 10 45
13 17 50
8 11 16
14 17 1
6 9 42
23 3 23
4 7 9
16 19 50
0 4 44
10 13 48
20 0 37
11 16 55
13 18 15
16 18 53
16 19 39
1 3 32
8 9 20
2 5 34
17 20 50
13 14 57
9 11 45
7 10 32
17 19 16
4 7 59
9 12 51
8 10 51
11 13 25
13 16 22
5 8 41
5 7 33
3 6 8
9 12 9
7 10 33
22 3 36
5 8 13
12 16 44
15 18 37
9 11 34
0 3 44
6 9 60
21 1 26
6 9 51
14 16 14
23 3 60
1 4 7
6 9 16
3 7 19
7 10 7
3 5 38
22 1 30
4 8 57
5 9 5
7 11 37
7 11 28
12 13 1
22 2 4
23 0 6
9 13 19
14 18 19
0 3 47
20 23 3
23 1 31
0 3 34
22 1 57
16 19 20
1 2 48
19 0 34
21 23 17
21 2 5
9 10 33
0 3 28
6 8 10
3 6 36
12 14 31
0 3 42
9 12 6
20 23 24
22 2 21
2 5 21
21 2 59
22 1 12
7 9 14
20 0 48
4 6 60
1 3 13
8 11 58
23 3 6
19 22 26
6 8 17
14 16 38
15 18 46
18 20 53
3 5 58
17 21 59
16 19 49
3 7 8
12 15 36
15 19 9
23 2 30
7 11 43
10 13 53
17 20 34
12 17 49
2 6 12
7 11 25
14 16 51
9 12 47
16 20 53
20 22 3
22 2 20
17 20 11
3 6 39
8 12 57
13 16 17
7 9 51
22 1 21
14 17 8
17 19 22
18 19 46
23 2 41
9 12 15
11 15 36
9 12 4
13 17 56
22 23 5
22 1 58
6 10 26
5 9 5
17 19 58
4 8 37
10 13 17
6 9 2
12 14 60
2 6 38
22 2 45
23 4 1
2 3 30
18 20 60
11 13 32
13 15 58
13 16 26
22 1 14
11 13 44
0 4 59
4 8 53
0 3 7
12 16 22
11 14 26
18 20 6
16 18 16
20 23 32
19 21 32
23 3 30
5 7 44
13 16 13
1 3 4
2 5 21
19 21 6
23 3 8
15 19 29
8 12 4
6 10 21
17 20 11
19 22 51
5 8 22
10 13 34
18 20 16
10 13 53
14 16 33
22 0 42
4 6 47
17 21 43
23 1 50
4 8 26
1 3 58
2 5 28
6 9 53
22 2 12
14 17 25
17 21 1
16 18 44
22 0 56
18 20 41
8 11 58
21 1 17
10 14 22
12 16 54
8 9 17
3 6 38
6 10 33
20 0 5
23 3 3
2 6 56
18 22 1
8 10 37
10 15 7
21 1 50
21 1 56
13 15 3
20 23 38
3 6 6
4 8 38
14 16 39
21 23 15
12 15 27
4 7 45
2 7 49
0 3 19
23 0 33
23 2 3
19 23 46
8 12 59
15 18 16
6 9 16
17 21 3
14 18 36
19 23 37
22 1 47
3 6 44
10 13 44
18 22 26
11 15 17
3 6 53
22 2 44
18 21 6
0 3 42
5 10 13
19 22 21
5 10 47
15 16 27
19 22 22
12 14 44
11 13 33
12 16 8
10 13 9
12 16 33
4 7 30
14 19 60
1 2 9
2 5 14
4 7 51
12 16 23
11 12 41
22 1 48
15 18 45
6 10 58
3 5 35
1 3 34
5 7 40
10 11 9
22 1 40
7 9 30
0 4 35
3 7 40
13 16 19
12 14 52
12 16 43
12 16 12
17 19 51
9 11 38
5 7 11
11 14 8
17 21 34
9 14 34
23 2 50
8 11 32
4 7 56
17 21 25
19 22 39
23 3 27
8 11 14
4 7 9
1 4 2
2 6 8
15 19 29
16 19 26
19 23 60
8 11 47
10 13 4
8 9 8
10 14 43
1 4 13
6 8 19
5 10 45
20 22 38
11 15 22
3 5 32
23 1 40
4 5 36
12 16 43
1 4 20
3 5 25
16 21 55
4 7 58
17 20 6
10 13 52
9 12 22
7 10 23
7 8 18
1 3 43
8 12 50
2 4 24
16 18 55
7 10 60
1 5 6
20 0 22
17 19 41
23 1 19
21 2 14
9 12 19
6 9 39
11 13 60
14 18 26
17 22 32
15 18 11
16 19 38
17 22 6
23 3 36
8 11 23
0 2 27
3 6 25
6 10 14
9 13 9
3 6 13
16 19 59
5 7 35
1 4 15
11 14 55
23 2 37
13 15 25
18 20 50
12 16 33
5 7 14
0 2 24
7 9 50
16 18 10
21 22 15
23 1 46
16 18 27
1 3 12
8 11 60
12 14 56
4 8 7
1 3 43
12 16 49
16 20 40
10 14 45
20 22 57
10 13 49
7 9 7
6 9 36
17 19 57
8 12 59
5 7 18
7 9 12
7 11 41
22 1 36
23 2 24
18 21 53
19 22 57
19 21 20
5 10 4
9 13 28
6 6 48
16 19 28
15 18 6
22 0 51
18 21 14
23 4 10
14 16 54
18 22 35
7 10 54
10 14 38
8 10 16
3 3 45
4 6 48
12 14 29
13 15 44
4 8 60
12 16 48
23 2 6
2 5 59
18 20 20
2 4 6
5 6 52
7 10 53
9 13 11
16 19 37
13 16 56
13 17 39
6 7 35
3 7 39
23 1 27
14 18 16
20 22 30
14 17 60
17 19 19
15 17 26
17 20 58
9 13 48
3 5 43
7 9 50
1 6 51
18 20 10
8 10 18
21 22 9
1 5 29
6 9 42
12 16 54
7 12 52
20 22 41
20 23 29
17 19 20
23 1 41
4 7 30
4 8 23
5 7 34
0 2 12
9 12 20
0 3 2
2 5 51
1 5 60
3 6 37
16 19 28
4 8 31
1 6 31
17 21 12
3 7 3
2 5 39
6 9 47
16 17 39
16 19 1
7 9 38
23 2 29
13 15 32
3 7 9
20 1 39
7 10 45
23 0 23
19 22 49
17 20 34
13 16 55
18 19 10
7 11 10
2 5 25
0 2 43
1 5 57
0 2 31
2 4 2
3 5 29
15 18 32
11 13 27
19 22 45
8 11 31
7 10 57
23 1 56
15 18 16
4 8 45
16 19 38
13 18 7
22 23 3
6 10 53
23 2 57
15 17 11
5 9 28
9 12 56
20 0 19
4 6 58
6 9 59
6 9 16
1 6 36
17 21 57
16 20 3
16 19 29
8 12 3
1 3 10
17 21 7
2 7 41
21 0 23
15 19 30
4 9 7
5 10 2
20 23 51
15 17 30
20 0 32
16 18 18
6 9 18
12 16 35
5 6 28
4 8 46
12 15 36
11 13 50
13 16 21
2 4 38
6 8 17
13 15 57
12 15 56
6 9 11
16 20 28
2 6 12
13 15 10
5 8 31
18 18 4
14 17 52
20 0 41
23 1 37
15 17 19
23 3 22
16 20 51
15 17 52
5 8 2
12 15 13
2 4 36
7 10 28
1 4 31
17 21 12
12 16 10
0 1 25
5 7 40
20 0 18
14 18 42
14 16 55
20 0 26
16 18 41
16 18 32
4 8 28
16 18 6
15 18 17
14 18 22
16 18 18
14 18 38
22 0 23
13 17 55
10 12 51
22 1 8
9 13 31
20 23 10
1 5 5
5 8 27
18 20 51
4 10 50
2 5 51
21 23 55
1 3 3
16 20 11
13 16 10
22 2 21
5 8 46
10 13 22
11 14 14
5 8 50
5 8 59
8 11 5
11 16 52
4 5 35
9 11 59
23 3 19
0 4 6
12 14 17
19 0 50
13 19 8
11 14 6
15 21 56
14 16 48
16 18 27
8 12 39
18 19 8
15 17 42
9 12 30
0 3 10
17 21 1
4 7 2
14 18 58
4 6 40
15 17 3
14 17 53
20 23 28
19 20 53
0 2 44
19 22 15
1 3 18
14 17 39
17 19 46
8 11 54
22 1 60
18 23 46
17 20 14
20 23 46
11 15 39
20 21 13
5 7 33
3 6 26
1 3 22
19 21 6
0 5 34
2 5 28
10 12 47
2 5 38
8 11 59
17 20 51
11 13 1
11 13 34
9 12 58
5 10 5
18 19 23
19 22 38
22 1 2
8 10 41
21 23 26
15 17 15
7 10 21
16 19 58
22 1 24
0 4 16
22 1 42
21 1 38
21 0 20
10 15 33
23 3 41
21 22 2
11 15 48
19 21 31
23 2 24
0 3 3
4 7 29
9 12 59
17 19 32
8 10 9
15 19 19
20 20 11
3 4 41
17 19 40
8 12 35
1 2 27
21 22 3
1 3 14
8 10 20
0 4 11
11 16 31
22 0 25
15 19 12
20 22 19
10 14 19
7 10 9
17 20 50
1 6 34
20 23 33
0 2 45
12 15 26
1 4 41
17 21 55
9 11 43
2 5 8
14 17 59
16 19 6
13 17 15
19 22 43
12 15 39
6 10 50
7 11 35
10 14 12
19 21 11
23 3 38
15 17 31
19 20 42
0 2 50
9 12 6
16 18 6
20 0 22
16 19 8
13 16 26
0 2 35
10 15 13
19 20 15
14 17 42
15 19 9
3 8 5
16 20 21
8 13 18
13 17 24
16 20 17
17 21 17
18 0 10
13 17 7
21 1 56
9 11 17
19 21 44
23 1 55
14 17 52
11 14 42
23 4 51
2 6 25
13 16 32
3 7 13
12 14 20
13 18 28
18 19 55
23 4 24
9 11 52
7 10 48
16 18 5
10 13 27
14 17 34
21 0 35
6 9 19
20 23 11
2 5 40
20 23 37
13 15 35
8 10 56
12 14 24
20 22 56
17 22 53
5 10 39
22 3 40
13 16 18
8 9 10
1 4 1
21 0 12
7 10 18
19 23 9
16 18 11
9 13 25
12 14 31
13 16 12
15 19 1
12 13 7
5 8 10
18 21 21
1 6 22
16 18 39
8 11 56
18 20 39
16 20 8
12 15 60
4 6 28
0 3 52
2 4 19
6 9 38
12 15 24
11 14 20
13 17 28
18 22 7
18 22 26
10 13 51
15 18 58
16 20 59
12 13 54
13 16 28
21 23 52
9 12 9
18 21 46
4 6 50
19 23 31
0 2 56
22 1 2
18 21 34
23 2 16
22 0 38
15 18 30
20 0 46
1 6 11
21 0 47
4 7 54
19 21 48
3 6 33
22 1 28
20 22 40
11 14 21
10 11 8
11 14 8
20 23 11
3 7 7
14 17 42
16 20 4
6 10 30
2 5 38
4 6 20
1 5 53
21 0 1
7 10 37
3 6 58
14 15 60
20 23 57
11 14 40
22 0 40
19 23 52
10 14 12
17 18 42
12 15 34
6 10 35
0 3 57
16 19 31
9 10 51
6 8 31
6 8 28
20 23 19
4 6 22
20 23 40
15 18 33
18 20 32
8 11 8
4 6 53
10 12 26
16 20 17
14 16 25
18 21 43
1 5 1
14 17 22
23 2 10
1 4 13
21 1 60
20 22 20
21 0 11
18 20 33
4 9 31
15 17 5
16 19 47
7 11 47
10 14 48
15 16 56
15 18 10
13 15 9
17 21 39
14 18 33
20 21 38
10 14 1
0 4 30
15 18 22
0 5 13
20 23 47
16 19 54
1 4 60
8 12 44
1 3 58
14 17 27
5 9 50
16 19 56
9 13 15
7 10 40
21 22 43
11 14 29
8 9 8
2 4 36
1 5 50
12 14 14
21 22 31
20 23 9
23 1 44
11 14 21
2 5 23
13 17 33
1 4 45
14 17 19
6 9 41
5 9 21
9 11 33
23 2 58
7 9 13
19 20 34
2 4 7
23 3 55
6 8 29
14 18 60
20 23 2
12 14 55
1 2 51
1 3 14
18 21 40
8 11 11
22 2 9
11 15 16
7 10 6
12 16 6
20 22 1
7 11 4
13 14 40
3 6 8
22 1 36
17 19 48
3 5 11
5 7 57
6 8 21
14 18 49
21 21 23
4 7 2
13 16 19
21 0 33
20 23 17
19 22 49
12 16 27
23 2 55
8 9 31
14 17 13
1 3 43
16 20 26
14 17 7
21 23 39
18 18 41
19 23 58
13 14 1
8 12 3
22 2 25
1 4 14
5 8 36
10 13 53
5 9 2
22 2 6
8 12 25
3 5 53
18 20 25
3 6 11
16 21 51
6 11 45
0 5 54
15 19 45
2 5 58
8 12 25
6 8 32
15 18 25
11 13 2
6 10 46
20 22 42
16 18 11
13 16 42
11 13 55
0 4 26
23 2 60
3 6 52
8 10 4
7 11 34
3 6 15
19 22 24
20 21 24
12 16 25
20 23 51
11 14 2
12 15 3
15 18 4
2 5 41
16 21 59
19 0 42
9 11 54
7 11 39
12 14 42
3 7 48
11 15 8
7 11 55
21 1 35
23 2 13
8 10 5
14 16 15
10 13 21
17 19 38
19 23 10
9 11 6
13 15 12
17 20 44
5 7 53
22 0 21
11 14 48
14 18 26
18 22 2
22 1 12
6 9 10
23 3 29
19 20 26
13 14 35
7 11 2
11 15 53
12 18 26
23 1 16
6 10 32
7 11 55
1 2 35
12 14 20
5 10 19
21 22 17
4 6 45
12 16 39
0 3 56
23 2 55
6 9 44
11 13 7
20 0 32
13 16 39
5 7 60
18 19 6
11 13 54
15 18 56
5 7 39
20 23 22
14 17 7
22 1 16
12 15 51
7 11 60
9 12 60
18 19 46
13 16 4
1 5 36
3 6 55
3 6 29
13 16 10
9 12 16
5 9 49
4 9 37
4 9 44
11 13 36
3 6 11
13 16 51
6 8 17
11 13 17
17 20 52
16 19 7
14 17 52
2 7 56
19 19 15
21 23 31
22 2 52
12 13 32
4 5 56
20 22 35
1 4 11
19 22 29
0 2 33
17 21 24
20 23 28
8 12 21
9 11 52
21 0 26
8 11 40
10 12 28
13 16 20
9 12 45
15 18 7
11 13 12
4 7 8
13 16 8
12 16 12
1 3 33
23 2 25
22 0 51
6 9 13
20 22 14
21 22 56
12 17 22
16 19 37
15 17 3
22 0 2
20 22 2
20 0 5
7 11 18
8 11 51
4 9 17
12 14 31
9 14 13
16 19 33
18 20 7
23 4 29
0 3 54
2 6 18
15 17 27
21 23 25
12 17 3
4 8 19
2 5 41
2 4 17
4 7 31
14 15 60
0 4 36
15 17 31
20 0 13
6 9 39
15 19 1
21 2 48
19 0 35
13 17 46
1 4 42
19 0 22
2 7 39
22 1 58
6 9 28
23 1 54
21 1 20
6 10 11
23 3 50
7 9 48
8 11 20
4 7 9
23 3 13
6 9 36
3 6 55
15 15 48
14 16 56
17 19 53
14 17 3
8 13 56
1 4 12
14 17 10
14 16 31
13 15 36
2 4 17
20 23 51
13 16 39
6 9 2
19 22 24
5 8 44
20 23 53
11 13 26
10 11 40
9 12 4
6 8 59
22 1 15
9 12 35
5 8 27
3 7 10
18 21 24
21 1 4
23 1 55
2 3 38
14 16 58
0 2 34
23 1 29
6 8 33
4 6 24
10 12 22
6 8 23
14 17 5
9 12 31
12 16 34
1 7 19
23 2 12
12 15 60
0 2 44
1 5 59
8 12 40
11 15 33
7 9 45
0 3 4
7 10 2
14 16 18
9 11 22
1 4 22
0 3 49
10 14 10
13 15 44
12 16 31
3 5 54
10 13 5
6 8 24
14 18 27
14 18 27
15 18 35
0 4 6
16 19 46
21 0 18
17 21 18
23 2 52
21 0 41
7 9 40
18 21 1
1 3 26
19 21 25
2 6 20
3 5 53
3 7 49
21 1 19
21 0 37
21 1 6
18 21 55
2 4 49
0 3 36
23 1 57
1 6 30
9 11 3
20 23 29
8 10 55
16 19 59
3 6 46
5 8 54
2 5 12
13 16 54
22 2 56
2 3 32
0 4 42
7 11 40
3 6 47
2 4 7
13 15 10
11 15 11
8 12 8
7 11 45
10 12 30
6 11 59
0 3 48
9 11 15
16 18 42
12 15 24
2 4 48
7 11 60
21 23 48
16 19 46
4 7 45
21 1 16
13 15 48
20 23 1
13 16 24
9 13 10
16 18 24
19 23 10
21 0 17
6 9 12
14 16 18
12 15 33
1 4 11
22 2 33
12 15 14
23 2 48
7 11 60
3 7 2
21 0 41
5 9 12
14 18 39
1 2 28
11 14 29
17 20 15
15 19 42
7 10 30
14 18 34
7 11 12
10 12 40
20 0 46
14 17 31
17 21 23
18 20 35
8 12 60
2 6 37
3 4 38
3 4 43
17 21 59
4 9 27
6 9 56
11 14 5
20 22 14
9 11 29
18 21 44
3 5 40
3 5 27
5 7 40
12 16 17
11 14 38
4 7 19
17 19 41
7 8 39
0 3 28
6 9 35
4 6 47
17 19 7
10 11 33
1 4 4
6 8 33
7 10 23
20 0 29
10 12 33
8 11 19
13 16 28
23 3 3
4 6 35
11 13 47
15 19 29
22 0 23
0 3 28
13 15 13
4 7 24
22 1 27
20 22 48
12 16 27
9 10 11
7 11 38
0 3 11
2 6 52
18 22 35
11 13 3
11 13 30
22 1 15
9 13 11
17 22 24
8 12 54
15 17 43
9 11 54
18 20 16
6 8 24
5 8 5
21 0 60
17 20 20
4 6 23
3 7 20
13 17 54
23 0 55
3 5 8
21 1 5
12 14 47
12 14 1
15 18 1
22 0 15
12 16 38
7 12 46
10 11 54
11 14 21
2 5 11
17 21 42
10 14 5
23 2 39
5 7 18
12 14 50
0 3 54
9 12 11
21 1 18
21 23 40
19 22 60
13 17 49
6 8 36
9 13 38
18 21 18
19 22 7
13 17 60
12 13 1
1 4 6
3 5 29
1 3 14
8 10 9
17 20 3
15 17 48
14 18 45
19 22 26
12 15 28
13 18 43
2 4 38
5 8 43
5 9 22
5 8 18
12 14 54
2 4 1
10 13 50
19 22 43
17 20 58
18 22 40
1 5 41
2 6 37
8 10 24
15 17 41
20 0 3
13 16 44
3 7 13
18 23 15
19 22 34
18 22 49
0 3 51
11 14 41
23 2 9
15 19 17
17 21 20
4 7 33
9 15 55
15 17 26
19 21 31
18 23 9
10 13 37
23 1 7
5 7 23
8 13 7
4 7 27
5 7 58
19 23 48
7 10 2
16 18 27
10 13 31
12 16 10
0 2 7
10 12 38
10 13 51
9 10 10
23 3 25
0 5 5
13 17 17
13 15 47
1 5 9
4 8 50
4 7 20
4 6 43
12 15 31
1 5 1
19 22 6
6 8 52
15 18 44
4 6 28
11 15 5
0 3 43
19 22 55
14 16 60
4 6 20
14 16 27
14 18 12
13 16 15
1 4 17
1 3 57
22 2 52
21 0 14
16 18 13
1 4 24
17 21 4
16 19 34
13 15 50
3 6 31
18 20 31
0 3 55
17 20 60
23 2 25
18 19 3
2 4 15
6 8 28
5 9 56
1 5 42
1 4 47
9 11 16
6 8 55
13 15 14
21 23 6
1 2 57
7 10 43
10 12 51
5 8 11
12 14 52
22 1 11
10 13 37
15 18 44
20 23 10
16 19 18
12 15 21
5 7 28
12 14 10
18 20 35
3 7 59
2 3 48
18 23 23
1 4 55
7 12 13
6 10 7
6 8 25
1 3 23
9 12 60
17 20 53
6 9 49
0 1 11
21 0 36
20 1 29
23 2 47
20 22 14
13 15 3
11 14 42
0 4 31
11 14 42
10 13 57
22 0 9
10 14 22
14 16 25
2 3 45
16 18 33
5 8 31
7 10 2
23 2 15
2 6 46
13 17 49
17 21 12
11 14 32
0 3 40
15 20 43
3 6 41
3 7 31
12 15 44
21 0 8
1 5 42
1 4 42
23 3 3
22 22 22
18 22 43
6 8 48
12 16 54
4 8 39
5 7 20
23 1 16
6 8 60
21 22 10
0 1 7
8 9 60
22 2 56
16 19 24
7 9 58
15 18 40
9 10 20
4 7 56
21 23 42
6 9 3
21 0 43
3 6 50
20 23 15
19 20 49
23 4 23
15 19 21
15 18 33
0 2 6
6 9 30
23 1 27
17 19 46
7 10 45
5 7 52
0 4 30
14 17 26
12 13 3
20 23 22
15 17 44
23 2 29
7 10 35
17 19 15
22 2 6
15 17 22
9 11 43
17 20 51
13 17 26
0 3 32
2 6 4
0 3 23
22 0 50
6 11 14
20 23 43
3 6 7
19 21 11
10 13 30
5 8 47
21 0 7
9 12 1
15 17 58
15 19 38
17 20 15
20 1 11
16 17 1
18 20 26
0 3 48
12 16 50
0 3 48
8 10 15
5 9 49
2 4 41
20 0 56
15 19 43
9 12 41
6 7 5
0 5 31
22 2 3
14 17 13
5 8 47
20 0 12
20 23 21
20 1 13
4 8 26
5 8 52
10 14 35
17 19 55
9 13 11
4 8 49
21 23 24
22 2 3
16 21 47
14 17 50
4 7 15
17 21 40
3 7 19
13 17 32
23 3 37
1 5 31
16 18 20
11 14 34
15 19 51
7 10 1
11 15 46
0 1 44
13 14 25
2 4 34
13 15 35
22 2 60
23 2 11
20 23 20
12 13 58
3 7 58
0 3 31
13 17 13
10 11 59
4 6 10
18 21 37
13 17 40
23 2 27
6 9 55
0 2 4
19 21 11
1 3 40
9 11 17
10 12 20
15 16 54
8 9 21
23 3 15
21 2 30
7 9 42
16 19 16
8 10 40
23 1 18
4 8 33
22 0 26
13 17 36
23 3 41
8 8 3
12 14 57
8 10 49
22 2 48
11 15 31
20 21 53
16 20 27
4 8 14
2 5 29
4 8 58
22 0 41
11 13 4
20 22 59
17 20 20
2 4 37
17 20 53
14 18 27
17 22 23
22 1 33
0 4 16
9 12 54
23 3 47
3 6 7
8 12 16
23 2 5
9 12 40
1 2 53
19 23 2
12 13 30
12 16 47
18 21 39
22 2 9
20 23 45
19 0 60
17 18 30
12 14 45
16 19 22
11 15 20
12 15 37
10 12 13
10 14 38
7 9 51
4 7 2
15 16 37
21 0 18
19 22 33
4 6 60
1 5 60
12 14 14
15 16 18
20 1 14
21 0 14
19 23 60
19 21 27
13 15 11
12 16 35
8 11 46
13 16 55
6 9 4
14 18 6
19 22 44
23 2 45
20 0 21
4 7 13
21 0 8
7 9 36
12 17 35
6 10 5
10 13 31
3 7 56
11 14 50
14 17 39
9 12 58
2 5 15
0 3 31
13 14 58
14 17 46
0 2 57
9 12 23
14 18 46
13 16 54
12 14 20
16 18 7
6 9 20
16 20 12
19 23 5
2 3 56
12 14 2
23 1 41
1 4 6
16 17 9
16 16 11
17 22 53
5 8 28
17 19 44
8 10 59
1 3 51
10 14 23
18 23 4
20 23 46
2 5 36
13 16 51
12 14 32
17 21 28
4 6 14
19 23 37
17 20 41
19 0 57
0 2 49
19 22 35
3 5 19
5 6 15
23 4 31
17 20 34
8 11 54
6 10 33
1 6 48
0 2 23
13 16 14
2 5 8
16 20 10
19 21 27
11 14 45
16 20 17
0 3 33
4 7 12
7 10 32
13 15 11
10 11 46
2 4 53
21 23 25
18 20 44
21 0 52
15 19 8
11 15 2
13 18 2
19 23 57
1 4 34
12 15 58
8 10 41
4 8 39
22 2 30
20 23 1
18 20 22
2 6 19
7 9 28
14 16 44
22 0 41
1 4 31
14 16 52
23 1 18
18 19 48
19 21 13
20 22 43
0 1 49
11 13 60
4 8 30
5 9 56
10 13 3
1 4 57
1 4 55
0 2 43
15 20 41
9 13 53
18 20 4
20 0 32
6 8 51
10 14 6
11 15 6
7 12 17
9 12 45
7 11 23
11 13 48
14 18 25
6 9 4
1 2 59
14 16 35
14 17 52
22 23 1
0 3 20
19 22 45
7 9 12
9 14 19
1 4 26
7 10 21
16 18 1
17 19 36
20 2 2
9 11 23
11 13 3
13 14 43
8 11 35
14 17 8
0 4 55
17 21 36
16 19 17
17 20 7
10 12 33
8 11 56
12 14 34
20 1 26
16 18 25
2 4 25
17 19 33
0 5 51
22 0 17
16 18 52
12 14 48
3 4 23
23 1 17
11 13 9
17 20 28
14 16 48
23 1 5
1 2 37
18 21 44
20 22 53
21 0 5
11 15 55
19 21 28
18 22 2
13 15 55
13 16 48
0 4 35
18 22 49
15 18 45
6 7 60
7 12 30
9 11 37
19 20 24
5 8 19
21 1 3
10 13 42
14 17 18
6 8 50
17 20 8
5 9 2
22 1 37
21 23 56
3 7 18
14 17 31
16 20 32
0 2 17
16 18 32
9 11 13
11 14 28
21 1 11
14 17 5
8 11 16
4 8 35
11 14 35
13 15 26
0 3 7
5 8 40
10 11 36
7 10 34
1 5 27
10 11 6
4 6 58
1 4 36
0 3 2
2 5 58
2 4 11
7 9 30
22 2 1
18 22 46
22 0 8
16 19 10
4 7 20
18 21 3
0 3 49
13 18 54
12 15 13
9 13 30
22 1 47
19 23 34
14 16 19
7 10 11
10 12 2
19 23 12
11 13 40
8 11 28
19 22 59
8 12 40
17 20 31
12 14 48
22 0 34
19 22 58
17 21 44
22 0 2
13 18 26
16 18 43
5 9 36
2 3 20
18 22 28
16 18 19
13 16 37
22 0 12
16 21 48
8 9 24
22 2 40
11 15 9
17 21 13
22 2 59
3 6 10
9 12 13
11 14 22
9 12 6
8 12 46
9 13 44
3 7 5
11 15 50
15 18 13
16 18 1
10 12 1
0 4 36
14 17 27
12 15 55
4 5 10
12 15 27
19 21 18
17 22 34
23 2 28
13 16 54
10 14 34
15 18 57
21 22 11
7 10 15
13 17 41
17 20 28
23 1 34
17 22 36
10 13 20
0 2 28
3 5 39
14 19 42
19 22 15
21 22 12
3 8 8
12 15 26
2 5 11
8 10 54
14 17 32
7 10 21
3 4 13
20 23 33
11 14 19
4 5 20
10 12 51
12 15 13
4 8 5
10 13 40
6 8 58
11 13 20
9 11 10
3 8 12
14 19 10
3 6 15
5 8 49
5 9 15
18 21 5
3 6 36
14 18 1
22 0 2
3 6 55
3 5 29
19 0 17
4 6 42
0 3 27
18 22 43
9 11 26
13 15 44
23 1 21
17 20 25
9 13 60
2 6 50
12 14 58
19 22 59
5 9 12
9 12 49
8 11 47
2 6 10
16 19 60
11 13 23
6 9 55
1 4 21
21 0 12
6 11 2
9 11 43
14 16 11
14 18 10
3 7 42
6 10 45
16 18 37
15 17 13
5 9 9
20 22 4
14 16 2
18 21 50
21 1 38
2 4 45
19 0 57
2 5 4
5 7 54
3 5 60
23 3 28
21 0 34
21 0 58
12 13 58
8 10 49
14 17 6
7 9 21
8 13 6
21 1 20
10 13 15
7 10 56
20 0 33
8 11 34
13 16 53
5 7 38
21 1 33
8 12 55
5 9 9
7 10 24
20 0 12
9 12 42
13 13 21
3 6 23
2 4 35
12 15 47
18 0 54
5 8 36
11 15 5
18 22 45
17 20 52
3 6 1
7 10 32
12 14 38
16 19 13
15 19 32
16 19 11
2 5 11
22 3 50
12 17 48
19 22 26
8 13 39
0 2 32
5 7 19
10 14 17
0 3 42
14 17 40
3 7 52
10 13 46
16 20 5
1 4 34
1 4 58
7 9 33
16 19 5
18 21 24
7 11 8
20 22 15
7 10 57
5 10 1
13 17 41
17 19 13
14 18 51
12 16 47
18 22 53
21 23 9
7 10 45
1 4 41
13 17 52
12 15 19
4 7 17
16 20 54
13 15 38
14 19 39
1 4 46
6 8 4
15 18 28
9 10 51
11 13 45
22 2 35
19 22 45
14 17 36
2 5 39
2 6 38
7 11 45
5 7 51
5 8 22
1 4 15
4 8 47
0 4 25
21 0 47
23 2 35
0 2 10
21 0 15
21 23 34
10 12 48
10 11 23
21 1 58
17 22 27
17 18 38
14 16 34
9 12 58
1 6 12
22 1 22
8 8 59
22 0 58
22 0 22
10 15 13
22 0 12
11 14 21
18 21 4
0 5 22
8 11 24
0 2 42
5 10 55
18 21 16
13 16 39
1 4 32
12 14 8
9 13 1
19 21 57
4 7 14
18 20 7
16 19 32
2 3 48
17 20 52
7 11 8
1 3 29
0 2 49
20 0 30
20 23 37
9 11 39
10 12 16
9 12 44
1 5 15
18 21 45
14 17 50
0 2 53
7 11 4
2 5 51
15 18 23
10 14 4
7 10 55
20 21 35
13 18 19
10 12 1
20 0 17
11 15 19
9 13 42
15 18 49
10 13 4
18 21 58
12 16 53
23 1 6
18 22 58
23 2 55
11 14 13
11 15 36
18 22 25
7 11 4
23 1 18
19 23 60
10 13 53
1 3 31
22 1 43
22 23 1
23 4 30
1 4 1
16 19 37
3 9 25
20 23 43
7 11 17
3 3 37
17 20 39
5 8 7
19 21 31
3 6 45
9 12 56
0 3 22
9 12 25
0 2 18
21 3 47
15 19 49
4 6 17
13 16 9
11 12 44
17 21 49
15 18 56
23 2 8
22 2 35
12 16 32
8 13 42
10 12 28
18 20 15
13 13 49
3 8 59
20 23 60
22 0 32
16 19 27
13 17 27
6 7 18
22 1 35
19 0 18
19 23 18
6 11 9
13 17 46
22 2 35
9 13 23
23 1 49
14 16 11
11 14 11
0 5 39
4 7 17
17 19 49
10 13 58
22 3 46
18 21 26
10 12 15
3 5 8
10 12 17
10 14 1
20 23 26
20 23 19
7 9 27
16 20 18
12 16 30
22 1 41
1 5 53
6 10 18
12 14 7
7 10 31
20 23 60
21 23 6
19 0 12
16 21 45
14 16 30
2 5 25
10 11 52
16 19 6
16 21 28
16 18 33
7 10 32
0 3 11
18 21 47
8 12 56
1 4 16
12 15 6
4 8 27
18 21 5
8 12 55
2 5 18
0 3 51
14 18 31
3 6 5
23 3 41
0 3 44
10 14 47
2 5 18
8 11 32
4 7 60
21 0 51
0 5 5
12 15 28
11 14 57
14 19 33
12 14 14
20 22 40
22 3 16
11 14 15
10 15 44
3 7 11
15 17 48
4 6 24
4 7 59
13 17 27
13 15 39
8 10 5
9 13 35
22 2 38
19 22 58
20 22 52
0 3 1
10 13 12
11 14 45
4 7 47
0 2 3
5 10 29
5 8 29
10 14 37
6 10 58
6 9 24
7 10 50
7 11 34
12 15 28
23 2 42
10 14 9
18 20 22
12 15 35
23 3 11
2 5 54
7 9 57
15 18 17
20 21 56
5 8 15
16 20 42
21 23 46
15 17 45
10 14 18
22 1 6
8 11 4
12 14 59
18 20 21
14 18 31
13 16 51
22 2 33
16 19 30
9 12 17
4 6 40
19 23 7
14 17 32
19 22 54
8 11 34
15 19 47
2 6 56
8 11 47
20 0 26
15 17 56
10 13 27
9 11 56
17 21 37
8 10 5
21 3 14
6 9 21
14 16 25
20 0 28
17 19 52
9 12 22
11 14 46
6 8 24
14 14 45
12 16 42
11 14 53
20 0 49
13 16 27
0 2 58
8 12 53
13 15 22
9 12 58
5 8 3
23 3 55
0 3 31
8 10 53
3 7 23
15 19 34
3 7 44
2 5 57
5 7 58
0 2 53
13 16 58
22 23 51
11 13 31
11 16 40
4 7 55
4 8 27
20 23 44
20 23 44
22 2 57
7 9 56
13 15 38
17 20 9
16 19 52
4 6 39
1 5 31
23 2 9
16 17 47
2 5 10
7 10 46
0 1 37
22 1 31
23 3 40
21 0 12
11 13 24
21 23 11
5 8 21
3 6 33
22 0 24
11 14 24
17 20 23
19 21 36
23 1 37
2 6 50
8 12 21
14 17 33
17 21 33
3 5 48
12 16 37
15 18 16
12 15 43
17 21 31
10 13 42
3 7 20
12 14 27
16 18 17
7 9 44
16 19 10
12 16 32
7 10 40
16 19 11
6 10 42
6 9 36
22 0 32
2 5 36
5 8 59
12 16 1
16 19 34
8 12 49
13 16 45
10 14 25
2 5 13
20 23 20
8 10 28
19 22 41
16 20 11
3 4 2
21 1 43
19 21 4
13 16 43
15 18 48
17 20 26
22 1 28
21 0 37
6 8 45
1 5 57
15 18 39
1 4 56
11 13 32
21 23 8
19 22 26
19 22 11
20 1 44
16 19 59
16 18 17
23 2 19
2 3 30
9 11 22
10 12 19
16 20 29
13 15 29
12 14 24
2 6 1
6 8 36
11 14 48
20 23 13
16 18 52
18 21 18
6 9 53
3 6 17
16 17 58
18 21 8
22 1 7
16 19 59
1 4 46
7 8 43
7 10 32
8 11 26
16 22 16
3 7 3
18 22 40
21 23 39
23 1 33
3 5 33
5 8 19
22 1 9
23 3 5
16 18 17
9 12 47
8 10 19
8 10 30
15 18 21
17 21 42
5 9 48
4 8 1
1 3 50
0 3 16
16 19 42
3 7 27
2 4 50
1 4 22
13 15 36
10 13 43
4 6 19
12 16 32
6 10 59
13 16 2
19 22 58
23 2 37
3 6 38
1 3 19
0 4 10
5 8 48
6 9 15
4 6 24
3 6 2
20 22 28
22 1 6
11 12 58
6 9 22
1 5 8
5 8 23
11 13 51
0 2 24
4 7 50
1 3 8
3 5 31
11 15 30
8 10 26
4 7 38
12 15 14
17 19 36
15 17 47
10 14 25
13 17 46
10 13 8
18 21 1
2 4 32
10 13 1
5 8 35
8 11 16
13 16 57
13 16 59
4 8 16
21 0 56
4 6 5
10 12 30
22 3 57
4 5 30
4 7 32
17 19 4
15 17 56
17 20 7
4 5 36
16 19 60
20 0 38
23 3 21
5 8 8
20 21 38
9 12 2
6 9 7
22 2 19
15 18 49
18 22 22
3 3 42
10 15 33
19 23 50
1 3 3
17 21 60
1 4 51
1 3 53
17 20 3
19 22 15
3 6 60
11 14 46
3 5 5
2 4 3
17 20 36
7 10 37
1 4 45
0 3 12
22 0 15
18 21 38
19 21 4
22 2 34
0 3 53
14 16 35
10 15 28
2 5 49
14 17 12
12 14 51
19 23 17
9 12 44
11 16 4
8 11 20
10 14 51
19 23 12
12 14 58
11 14 28
10 12 17
1 6 52
12 17 48
19 0 38
1 4 9
7 10 30
2 5 44
8 13 55
20 0 10
2 3 40
1 5 51
9 11 56
7 10 55
1 4 15
20 0 36
23 1 23
17 21 30
22 1 45
23 2 52
22 2 19
20 22 28
4 6 17
20 22 25
5 7 49
21 0 3
17 19 38
6 9 32
9 11 59
8 11 3
6 7 49
12 16 27
2 6 50
21 0 39
4 5 22
