10000 100
16 53 78 77 89 37 68 24 49 54 49 52 77 88 95 18 73 25 11 40 66 42 62 24 26 45 95 80 4 100 65 64 6 85 59 53 1 55 34 43 52 39 20 70 69 84 14 64 58 62 52 87 68 90 24 10 29 19 29 67 44 85 96 79 52 8 64 10 3 54 19 27 9 83 52 91 59 23 4 95 93 25 87 76 37 8 67 75 64 95 16 43 59 2 68 74 5 96 43 82 
0 3 11
22 3 23
7 8 79
22 1 43
20 23 76
14 16 1
2 5 45
22 2 67
22 1 63
17 21 14
18 22 89
21 0 89
8 12 23
0 1 27
21 0 49
5 7 88
10 12 13
5 9 45
11 15 69
9 11 89
8 11 91
23 2 57
19 22 36
14 16 89
22 0 53
23 2 21
16 19 88
13 15 83
5 10 37
23 2 95
2 5 60
22 1 55
0 3 33
14 16 81
7 11 26
3 8 95
19 22 70
5 8 1
9 12 73
20 23 10
4 7 96
7 8 15
0 2 15
23 1 44
0 3 17
3 7 98
11 14 85
22 3 31
22 1 9
6 10 13
12 15 21
3 5 78
20 23 83
15 17 88
4 7 22
21 0 89
6 10 10
5 10 37
12 14 11
5 8 37
19 23 67
15 18 89
5 7 16
5 7 81
8 11 40
4 8 39
8 13 97
20 22 15
16 20 77
8 11 97
4 5 59
17 19 69
4 8 55
13 16 65
4 6 76
19 22 59
2 5 73
21 1 63
0 3 15
11 14 24
17 21 49
13 14 39
8 11 19
13 14 25
19 21 42
18 21 44
5 8 60
3 7 36
7 10 48
19 20 84
20 22 45
16 19 9
10 15 9
8 11 79
19 23 45
17 20 33
17 20 36
7 10 90
1 6 11
1 3 24
23 2 100
10 12 80
19 23 64
23 2 100
9 12 86
17 19 6
1 4 54
17 19 11
13 17 72
13 15 12
14 17 63
18 20 83
7 10 38
1 5 94
5 9 99
15 19 42
11 16 42
23 2 11
20 23 70
11 15 47
18 21 21
3 5 1
21 23 77
17 19 77
7 10 21
22 2 18
21 0 85
13 17 35
23 3 9
0 3 60
19 23 66
11 13 96
23 2 5
6 9 80
23 3 2
8 11 8
12 16 62
8 8 44
1 3 16
19 20 41
2 4 92
2 5 77
22 1 60
4 6 7
22 1 83
2 6 92
18 21 93
12 14 92
3 6 32
10 15 33
7 11 68
8 12 23
14 17 83
0 2 52
8 11 2
10 11 6
22 1 77
15 19 52
13 15 71
21 23 78
7 9 29
10 13 8
7 8 41
5 7 6
9 12 77
23 4 50
14 19 92
13 15 50
14 17 90
19 22 87
8 11 70
0 2 95
11 15 63
8 10 7
19 20 27
23 2 77
11 15 11
13 15 75
18 21 31
16 19 24
22 1 45
5 7 85
21 2 70
14 16 97
6 9 80
1 4 94
7 9 75
18 21 37
20 0 96
2 5 65
2 4 93
13 18 77
18 20 21
18 20 90
14 18 4
9 14 12
8 13 5
15 19 35
4 7 28
16 19 99
17 20 76
20 22 17
20 22 40
6 7 64
12 14 83
22 1 64
14 16 4
14 17 16
8 11 77
21 0 64
2 6 11
6 9 85
22 1 13
23 2 5
1 3 87
9 11 75
5 8 29
2 5 56
1 3 29
7 11 61
20 22 2
21 1 50
14 18 39
21 0 94
1 4 28
20 23 30
3 5 27
10 12 70
10 14 41
7 10 85
3 6 22
5 8 94
21 23 13
1 4 43
2 5 84
23 4 73
7 10 13
20 23 28
4 7 24
18 22 21
15 18 96
11 15 25
15 20 89
16 20 49
17 19 47
5 7 40
5 7 57
6 8 98
10 16 38
20 22 70
20 23 64
12 14 21
19 22 6
17 20 86
17 19 81
21 23 70
2 5 37
8 11 39
11 14 18
0 2 42
5 7 50
19 21 100
21 23 79
13 16 21
16 19 33
19 21 85
5 7 82
6 8 79
11 14 78
17 21 51
2 6 84
4 7 99
19 22 62
6 8 85
9 12 74
19 20 74
0 3 72
12 14 22
15 17 91
1 4 30
10 12 18
11 12 87
15 18 36
20 0 80
0 2 51
17 21 15
17 21 14
4 8 75
14 17 79
21 1 51
11 15 66
20 22 53
1 3 6
5 9 21
14 19 4
12 14 35
22 1 63
16 19 96
12 14 32
18 22 26
11 13 89
1 2 46
14 17 28
12 17 54
13 15 100
10 12 8
20 22 72
0 4 27
21 2 55
20 22 54
19 22 5
8 10 71
7 9 61
14 17 37
22 1 48
10 13 96
9 12 13
8 10 21
15 17 64
1 6 1
5 7 75
10 13 36
14 17 44
18 21 89
15 19 53
15 17 21
2 4 49
14 18 80
5 7 25
2 5 94
16 18 48
17 20 50
8 10 58
12 15 22
0 3 17
10 13 55
3 8 64
20 23 43
5 8 67
17 19 39
3 7 20
21 1 83
21 22 13
14 17 23
3 5 100
18 21 21
13 14 55
19 22 63
19 22 100
8 10 29
18 21 25
18 20 20
13 15 66
21 2 87
10 13 25
3 6 91
21 2 99
13 17 90
17 19 98
19 21 52
17 20 55
6 9 2
12 15 19
5 8 34
2 4 72
17 21 84
4 7 89
19 21 1
2 4 71
13 17 87
8 11 15
22 2 7
6 10 88
4 6 6
12 15 60
22 0 7
7 11 29
1 5 13
14 18 42
1 3 97
20 22 71
19 0 91
20 23 24
3 6 28
2 6 78
19 20 94
20 23 50
14 17 77
12 15 44
14 18 55
11 15 27
15 18 21
18 20 83
9 12 25
11 13 77
9 12 71
9 11 18
13 16 32
14 17 6
10 13 69
21 23 56
1 4 75
16 18 81
4 9 70
21 1 82
21 23 43
8 9 7
19 22 86
19 23 78
8 12 50
0 2 14
12 14 81
8 13 31
14 17 99
9 10 24
21 0 66
1 3 27
18 21 75
12 14 53
16 18 82
19 21 36
3 6 57
21 0 72
7 10 92
3 6 63
10 14 50
22 0 29
20 0 93
20 22 32
17 20 74
8 11 15
16 20 63
21 0 20
23 4 67
2 6 30
16 19 7
9 13 46
19 23 3
3 6 28
22 23 87
0 2 75
11 14 79
23 2 56
13 16 45
10 13 8
21 23 14
11 12 55
0 4 65
16 18 16
10 13 23
23 2 54
18 21 33
2 3 59
21 23 65
7 9 15
13 15 2
5 8 87
21 0 54
3 6 3
9 13 41
15 18 79
10 13 7
21 0 22
17 21 36
1 6 41
18 22 27
23 3 28
5 8 78
13 15 83
19 23 80
7 10 83
10 14 25
16 21 82
6 10 14
19 23 25
6 8 51
8 9 2
10 14 37
4 9 67
15 19 17
20 0 74
16 20 73
16 18 71
9 12 69
2 5 9
19 21 59
8 11 16
14 17 94
2 5 88
18 21 57
13 16 4
4 7 41
4 10 19
11 12 24
18 21 30
1 2 81
3 5 42
23 1 5
9 11 11
19 21 92
18 21 87
23 2 11
17 20 67
14 17 20
10 12 28
23 1 30
3 5 65
14 17 82
6 9 13
9 14 41
15 19 73
10 13 32
9 13 84
10 13 63
6 9 52
14 19 59
23 1 98
10 13 70
15 17 11
17 19 86
22 2 27
9 12 12
13 17 51
11 16 55
9 11 66
23 1 26
5 8 76
17 20 6
17 19 62
7 11 23
3 5 33
15 19 3
7 11 70
15 17 37
1 3 61
0 4 89
11 15 72
0 3 42
20 22 25
21 0 54
14 19 4
2 4 92
0 3 8
4 6 98
10 12 63
21 0 36
20 23 37
19 22 48
3 6 93
9 10 82
7 10 75
8 10 61
8 11 83
23 3 91
14 16 26
17 19 61
14 18 82
12 15 71
1 5 50
9 13 35
19 22 52
6 9 19
10 12 77
2 6 23
12 13 70
3 5 90
14 17 64
22 1 82
13 17 1
1 3 61
12 15 20
8 9 25
10 11 95
20 23 66
19 22 93
23 2 42
17 21 65
9 12 71
3 6 32
23 2 37
7 11 4
0 3 14
22 1 68
20 22 52
21 21 27
23 1 6
17 20 43
21 23 57
1 4 86
10 13 22
9 12 59
7 10 28
16 18 53
4 7 82
10 15 77
3 6 75
9 14 85
3 7 95
4 9 62
0 3 68
1 3 62
1 5 17
14 17 6
5 7 96
9 12 59
7 10 80
13 16 22
22 1 25
5 9 31
2 6 62
8 11 16
20 0 73
8 10 59
16 18 31
2 4 43
17 19 37
0 4 97
9 14 8
1 5 100
17 19 55
0 3 68
3 5 10
9 12 23
18 23 83
8 11 1
15 17 53
0 5 22
14 18 33
16 18 94
3 5 65
3 4 16
5 7 5
21 0 21
2 5 71
1 5 78
12 15 41
4 7 27
14 17 59
12 14 76
7 10 41
4 10 39
9 13 47
3 5 49
8 11 30
2 6 16
9 13 91
16 20 10
4 7 91
16 18 74
10 14 82
5 9 44
3 4 74
4 7 14
14 17 4
3 5 86
8 13 2
12 16 59
18 22 80
20 23 9
20 1 13
1 4 18
4 7 7
20 21 86
19 23 6
11 12 52
11 13 90
10 14 86
3 6 48
21 0 4
19 23 36
6 10 24
11 14 55
10 13 41
11 15 86
6 10 37
19 22 94
15 18 56
17 20 19
22 1 26
20 23 77
0 5 65
2 4 78
17 20 38
10 13 23
16 20 75
0 2 68
4 8 99
23 2 63
22 2 28
11 13 35
22 0 25
9 14 56
15 17 59
8 11 3
2 6 83
2 5 76
19 19 32
19 20 72
3 7 58
17 20 45
4 8 70
4 7 17
4 6 93
20 22 22
0 2 40
2 4 22
20 22 97
0 3 69
3 4 81
4 7 18
10 12 96
7 11 88
10 13 61
23 2 80
23 1 28
20 1 66
1 5 58
3 7 60
9 10 71
4 7 8
14 17 22
7 10 46
0 2 69
20 22 93
22 0 91
19 21 81
12 16 15
21 0 43
8 11 7
18 23 64
2 7 20
12 14 85
5 7 29
21 0 23
16 20 49
10 14 28
10 12 13
6 10 60
0 1 84
10 14 61
17 20 61
7 9 26
4 6 22
15 18 56
9 10 99
19 21 73
23 2 76
16 18 18
8 11 27
1 3 36
23 1 94
2 7 66
16 19 98
2 5 28
19 23 62
15 20 29
23 2 7
15 18 97
8 11 92
7 10 75
21 0 31
18 21 32
2 5 25
18 21 85
14 16 27
15 18 45
22 1 39
13 16 17
3 7 53
13 16 95
10 14 33
11 13 98
20 0 56
17 20 26
5 8 5
9 12 41
15 16 92
9 11 38
14 17 42
2 7 76
15 18 79
8 10 59
14 17 94
9 12 60
20 22 51
1 4 59
12 14 86
15 18 11
19 20 83
3 6 39
0 3 95
6 11 72
19 22 87
16 21 94
11 15 22
4 7 77
7 9 13
6 9 38
8 11 55
11 13 57
1 3 41
3 8 18
12 16 20
8 10 50
15 19 13
14 17 53
1 4 37
20 23 12
19 20 33
7 10 75
22 4 24
2 5 36
3 7 6
3 8 3
9 10 26
22 0 81
17 19 22
12 17 83
15 18 44
4 8 12
18 0 52
3 6 35
4 7 57
13 14 32
23 4 92
23 3 16
14 17 63
12 15 35
11 13 89
14 18 86
19 23 53
9 13 13
13 17 84
18 22 70
3 6 68
2 6 96
2 4 81
18 22 73
7 10 92
16 20 33
7 9 89
4 7 41
0 4 98
11 14 38
0 4 34
16 18 10
15 19 95
20 22 80
8 13 75
12 14 41
7 10 85
3 6 9
1 8 93
5 8 28
15 18 87
13 15 58
6 10 22
18 20 89
16 19 41
18 21 27
16 19 6
0 3 33
15 17 67
1 5 46
18 19 73
14 18 14
6 9 5
16 18 39
19 22 41
4 5 76
5 8 42
11 14 85
15 17 91
15 17 86
13 16 12
22 1 85
15 19 71
3 7 43
1 5 83
2 5 35
9 11 16
3 4 21
15 17 51
0 4 47
12 15 75
7 10 42
11 13 5
15 18 43
2 4 47
21 21 72
1 3 30
15 19 4
5 8 40
8 11 72
16 19 13
2 5 48
15 19 65
22 1 11
10 12 78
5 8 16
13 18 83
10 12 47
14 16 54
8 13 30
18 19 89
15 18 100
19 23 49
11 14 11
12 14 77
10 15 37
16 19 3
5 8 56
1 4 32
18 20 64
11 15 64
11 12 26
22 3 60
7 9 43
20 0 2
6 9 7
5 8 58
1 3 13
21 23 91
13 17 79
18 21 88
20 1 41
12 15 13
20 23 5
12 16 24
8 11 94
13 16 95
12 16 49
7 9 5
12 16 69
2 6 71
2 4 83
2 4 14
1 4 76
5 9 26
22 0 56
22 2 68
23 1 27
20 21 39
7 11 25
8 10 90
4 7 21
22 1 60
10 11 34
23 1 77
7 10 6
19 21 60
11 15 49
13 16 57
14 18 15
4 6 16
8 12 12
21 23 78
15 17 10
11 14 93
11 14 14
10 13 81
20 23 44
3 7 26
5 8 71
13 17 83
21 22 92
20 23 65
13 16 13
17 19 6
22 0 22
14 17 87
15 18 11
20 22 93
7 10 70
10 12 87
19 0 89
17 19 69
1 4 92
5 9 77
9 11 18
2 4 54
23 4 83
4 6 45
13 17 33
17 21 13
4 6 37
3 4 46
5 8 26
22 0 26
1 4 64
0 4 74
12 14 87
10 12 31
14 19 26
8 12 44
18 21 69
12 16 11
2 5 42
8 11 24
16 20 53
20 23 99
17 19 56
11 14 38
16 19 72
5 8 88
5 8 97
16 20 18
19 22 99
11 13 2
8 11 14
10 13 49
9 13 97
21 0 21
4 7 54
7 10 66
17 20 32
7 10 98
16 18 49
0 2 24
10 13 34
9 13 27
1 5 26
11 14 96
18 20 34
13 16 26
19 22 82
13 16 21
0 3 38
1 4 36
0 4 87
4 9 52
13 16 51
2 5 63
11 14 85
15 19 3
21 23 65
14 17 88
8 11 70
2 5 66
13 15 7
8 11 87
0 2 58
3 7 30
8 12 73
5 8 58
6 10 86
4 9 34
19 21 84
3 4 91
22 3 89
6 10 16
23 1 35
16 20 88
7 10 60
10 13 91
17 20 18
1 6 87
4 6 18
23 3 15
17 18 92
17 19 75
10 13 92
10 12 72
16 19 79
9 13 35
3 6 50
17 21 32
14 18 67
5 7 45
1 4 29
12 14 18
21 1 85
0 4 99
22 0 96
17 21 95
15 18 23
20 20 62
11 13 15
3 4 23
11 14 8
14 16 17
8 11 90
2 4 12
8 10 22
17 20 46
3 7 18
19 22 78
6 10 67
12 16 59
21 23 25
14 18 40
18 21 21
7 10 94
10 14 33
21 0 51
10 15 66
15 19 64
15 18 4
12 16 63
22 2 32
16 18 100
3 8 87
22 2 7
12 15 67
13 14 97
11 15 75
9 13 71
6 7 95
22 1 50
0 3 87
5 8 11
15 17 23
3 8 7
23 3 97
17 20 66
21 0 16
3 8 89
8 12 35
8 10 95
9 14 16
8 12 57
23 1 41
8 11 28
16 18 82
16 19 1
9 10 21
20 22 95
8 13 55
7 9 98
6 9 59
1 4 54
16 20 24
17 22 11
3 5 77
2 3 49
9 12 98
9 12 51
6 9 38
6 8 12
18 19 71
18 22 45
7 11 68
18 21 17
14 17 53
19 23 12
12 15 60
9 14 34
9 14 26
11 14 85
6 7 43
14 17 25
11 13 44
6 9 59
4 8 15
14 17 1
22 1 88
14 17 5
16 19 49
10 13 1
2 5 88
6 9 81
7 11 81
13 17 5
23 2 17
15 17 78
8 9 1
7 10 47
16 19 43
5 8 6
22 2 54
3 7 82
19 22 23
3 7 42
10 13 50
19 22 12
1 4 36
0 3 54
5 10 78
22 2 52
22 2 96
13 17 64
23 3 92
14 16 45
3 5 15
9 12 31
10 15 62
15 18 66
21 0 85
0 3 93
20 0 79
17 19 91
5 8 98
3 6 81
12 14 98
4 8 56
16 21 67
10 13 34
23 1 32
11 14 89
16 19 42
20 22 69
22 1 75
18 21 3
16 19 48
10 13 22
23 3 13
5 8 19
1 3 90
6 10 78
6 11 94
23 1 58
23 2 64
15 18 27
23 2 4
4 5 2
16 18 28
16 18 79
13 16 56
12 15 80
12 14 34
18 20 26
0 1 25
16 20 16
23 1 97
18 23 61
18 22 28
12 14 14
18 21 87
3 6 98
9 14 15
4 8 89
1 4 34
20 22 83
0 4 77
13 17 95
3 5 78
4 9 63
16 18 35
17 18 30
5 9 69
23 3 100
13 15 45
19 23 67
21 23 18
8 11 25
4 4 63
20 23 8
5 10 87
8 10 83
13 17 99
1 4 89
4 7 83
9 11 2
15 20 54
9 13 53
5 8 81
2 5 84
2 5 95
9 11 93
11 14 54
14 16 38
8 10 46
11 13 22
15 19 41
19 21 74
6 9 32
15 16 22
8 10 91
18 20 96
2 6 90
7 8 3
16 18 3
9 12 65
8 10 99
3 5 39
13 16 99
5 8 86
15 17 66
16 20 42
9 12 68
9 12 66
20 23 16
15 17 100
6 9 99
19 22 84
22 0 46
12 14 57
14 18 84
20 23 71
23 4 47
12 15 26
8 14 21
10 13 82
12 16 32
8 11 50
10 13 95
7 10 33
1 3 26
11 14 5
8 12 86
1 4 2
4 6 28
8 10 84
13 17 90
17 21 69
11 15 70
10 13 29
20 23 62
5 8 52
3 6 44
6 11 79
1 5 15
14 17 26
5 9 89
21 1 65
20 0 11
12 17 30
12 15 72
11 13 21
14 17 42
19 21 24
21 1 64
1 3 32
8 12 2
5 8 11
4 7 7
8 10 94
4 8 15
2 5 23
3 6 40
5 7 69
0 3 73
18 19 28
5 8 84
8 12 60
1 3 31
11 14 29
17 20 5
21 0 45
13 14 6
18 19 64
16 19 6
2 6 75
5 7 82
23 1 32
5 8 30
8 11 54
13 14 46
10 14 83
17 22 62
4 8 3
9 13 31
19 22 5
8 11 8
22 0 43
7 12 78
10 12 98
17 22 77
15 18 79
2 4 71
11 15 29
14 16 90
16 20 89
20 23 16
7 11 23
21 1 86
22 3 62
14 18 90
22 1 72
19 22 13
2 6 73
2 6 5
5 9 39
13 14 48
21 23 4
8 11 62
3 5 58
3 7 25
7 11 54
14 18 75
7 10 68
2 5 78
2 5 48
20 23 78
5 8 81
18 20 38
9 12 48
13 15 46
8 11 88
22 1 39
22 2 6
11 16 59
20 22 37
6 10 26
3 6 45
19 21 44
15 16 70
19 21 19
11 14 54
22 1 52
23 2 2
8 10 62
8 10 6
8 11 63
7 10 66
15 18 43
13 16 58
6 10 3
8 11 14
12 16 90
4 7 3
9 13 56
10 14 97
5 8 93
19 21 32
16 21 15
5 7 45
1 3 88
6 9 3
8 12 76
4 5 66
3 6 49
20 0 10
13 16 33
13 16 92
2 4 88
16 18 53
16 20 99
21 23 2
3 7 79
17 20 19
3 7 11
7 9 54
4 7 5
2 4 95
19 23 80
10 14 49
11 15 61
12 16 33
21 22 40
0 4 72
21 0 59
16 17 12
8 11 47
16 17 53
11 13 8
12 16 73
14 17 64
22 23 55
14 17 63
11 15 20
23 3 48
8 10 55
2 4 75
22 1 73
12 16 49
23 3 16
4 8 97
3 7 35
17 21 79
16 18 89
15 19 86
1 5 88
7 10 74
11 13 40
3 7 72
17 20 37
1 3 30
15 16 22
23 2 96
18 20 46
23 3 2
19 22 9
9 12 50
23 0 63
13 16 81
19 20 54
7 9 73
0 5 38
23 0 5
19 21 75
20 22 18
21 23 17
13 17 37
17 19 16
8 11 33
11 13 80
14 18 20
12 15 48
18 19 3
9 13 24
7 10 72
6 9 96
17 19 46
8 11 35
1 3 8
10 11 95
16 18 62
21 0 53
6 9 8
3 7 59
8 9 68
4 6 77
14 18 80
12 14 75
3 5 52
22 2 21
6 8 84
0 5 86
12 15 83
8 10 11
12 15 13
7 11 76
3 5 38
22 2 39
8 11 21
15 17 92
14 16 48
1 4 88
11 15 41
21 0 46
19 21 75
12 15 50
10 14 88
5 9 23
10 12 10
13 16 35
11 13 59
10 13 5
1 4 46
0 5 58
17 19 16
13 15 53
1 2 27
5 8 7
21 0 72
3 5 60
9 13 30
12 15 81
11 14 7
8 13 58
5 9 35
23 2 58
8 13 1
20 0 42
21 0 5
0 2 90
13 16 32
0 5 51
8 11 42
13 17 11
2 8 21
4 6 72
11 14 70
16 17 10
16 19 24
17 20 94
11 15 41
23 2 75
14 17 69
17 18 8
6 7 11
1 5 20
1 5 48
22 23 92
20 0 48
13 16 16
10 14 65
18 19 14
23 2 98
7 10 76
3 6 86
4 8 43
12 15 71
0 3 3
14 17 80
5 8 100
19 22 13
11 15 88
10 13 82
17 20 22
4 8 98
11 13 68
3 7 95
9 12 14
11 16 62
21 23 89
13 16 48
17 19 7
2 5 62
4 7 5
5 9 9
18 20 58
16 19 17
17 18 52
22 2 47
8 12 82
15 17 66
11 12 93
13 17 26
11 13 52
7 10 98
6 10 62
10 15 94
0 3 68
18 20 35
6 10 78
17 19 46
3 6 52
15 18 50
2 4 54
21 0 1
9 12 77
14 18 97
0 2 90
2 5 66
0 3 72
17 18 20
11 14 38
9 11 59
16 18 83
7 10 94
17 20 70
12 16 19
15 18 14
20 0 82
14 19 2
22 1 20
14 18 46
11 15 2
15 17 28
2 5 56
12 16 47
7 11 99
12 16 1
9 13 48
17 20 12
10 13 67
15 17 56
15 17 77
9 11 14
22 0 41
23 2 96
9 13 21
19 21 44
1 5 1
2 3 43
7 11 2
14 16 20
0 3 47
5 10 44
10 14 95
12 15 81
16 18 32
2 4 31
4 8 87
5 7 55
21 23 27
22 23 94
10 13 74
3 7 61
6 10 25
15 18 16
3 7 52
3 5 68
3 5 68
9 12 1
2 5 23
12 14 61
4 8 51
18 22 89
11 13 77
16 18 25
19 23 25
1 3 65
4 7 69
8 11 76
4 6 27
5 9 99
11 12 46
22 1 32
15 19 23
12 15 49
13 16 1
11 13 48
22 1 52
0 2 23
10 13 2
10 13 59
15 18 23
2 4 91
11 14 1
13 16 62
22 1 87
10 12 51
17 20 70
9 13 57
11 15 18
4 10 19
11 12 51
9 11 93
12 17 88
13 16 10
12 16 57
2 6 75
23 2 94
4 6 10
14 16 91
23 1 71
11 14 43
19 21 31
16 19 97
18 23 64
17 20 6
8 11 3
4 7 60
9 11 56
11 12 67
2 5 78
5 9 100
23 2 87
2 7 28
5 9 59
9 12 42
8 12 17
19 22 78
2 5 6
18 22 93
4 8 5
8 11 11
20 23 96
0 4 48
0 2 20
5 9 82
20 0 68
21 1 79
9 14 46
19 22 49
3 5 47
6 10 19
1 3 5
1 3 80
3 6 35
12 15 8
10 14 20
8 11 24
14 18 31
14 17 38
16 19 63
8 11 97
23 2 33
6 9 91
10 14 8
17 19 86
13 16 94
2 6 57
3 6 19
16 20 90
22 0 29
0 3 90
14 16 68
10 14 18
1 3 1
18 21 12
12 14 47
14 17 17
7 10 15
5 9 39
23 2 77
15 17 10
6 10 1
16 18 33
8 10 53
7 11 3
23 2 91
22 1 9
0 3 93
9 14 18
2 5 97
18 21 36
2 5 34
3 7 82
2 7 61
1 4 37
12 18 53
3 6 10
5 9 28
10 14 80
4 6 78
15 18 35
4 7 58
9 11 53
14 17 97
4 5 5
21 0 80
3 5 33
4 7 87
17 21 32
21 0 58
15 19 9
17 21 69
15 19 23
22 1 26
15 17 59
23 2 34
7 10 65
6 9 10
13 14 15
9 11 35
11 15 46
22 1 86
8 9 29
10 13 28
11 14 75
1 4 6
1 3 65
11 13 51
14 18 82
11 14 57
9 12 77
14 17 60
15 19 30
1 3 32
18 22 70
8 11 98
18 22 46
19 22 1
10 14 59
2 6 9
11 15 51
19 23 48
15 18 9
18 21 96
17 20 90
1 5 53
13 17 22
19 23 69
5 9 69
20 22 58
10 11 76
6 9 25
5 10 68
15 18 17
20 23 7
20 1 95
18 21 77
17 19 8
12 14 2
3 6 9
5 9 46
14 18 1
10 14 17
12 16 57
9 12 92
2 5 47
3 8 96
11 14 35
18 22 68
12 16 6
9 12 62
19 23 64
3 6 37
14 16 79
4 8 31
6 9 55
17 20 45
19 0 62
22 1 52
19 22 22
11 14 20
5 8 30
18 20 82
12 15 35
4 8 63
4 9 72
14 17 50
12 13 38
17 21 17
17 19 41
16 19 88
22 1 7
6 10 51
0 2 26
23 2 98
6 10 65
21 1 36
20 22 9
18 21 43
21 0 68
2 3 50
1 5 10
21 23 59
9 12 64
18 21 7
5 8 28
9 11 87
1 4 51
18 21 81
21 0 10
9 12 66
18 22 47
3 6 73
8 11 54
6 9 55
7 10 57
4 6 49
23 0 12
22 1 62
1 4 94
5 8 47
8 10 61
7 11 25
12 14 67
9 13 43
7 8 50
3 7 25
22 3 97
17 20 71
22 23 90
21 23 98
22 0 58
5 7 8
3 6 57
7 8 68
9 13 94
21 23 58
15 18 40
10 13 8
0 4 22
1 1 45
2 3 31
5 9 88
7 8 64
1 5 54
0 2 46
22 0 69
13 17 41
3 7 62
18 19 69
22 1 69
19 23 86
14 15 6
2 5 89
23 3 40
8 10 11
7 9 66
9 12 86
3 5 2
18 21 32
4 7 41
6 10 80
16 18 4
23 2 36
19 20 88
18 23 45
11 14 78
6 10 73
2 5 28
1 4 65
9 10 58
7 10 26
16 20 75
0 4 50
11 13 72
14 17 74
7 10 12
17 20 23
21 0 38
20 22 86
10 14 77
6 9 73
7 10 12
19 23 96
20 0 13
1 5 65
2 5 71
23 1 19
20 23 51
4 8 46
5 7 42
19 21 29
16 18 14
6 9 30
12 15 54
19 0 4
23 2 87
21 0 28
21 23 66
10 12 30
9 10 53
15 18 88
14 16 74
5 9 2
12 16 80
14 18 40
15 19 20
18 21 55
10 13 92
17 20 89
1 4 1
17 19 99
20 22 69
5 9 73
3 7 7
0 3 52
0 4 36
3 4 44
3 7 33
10 11 55
15 18 94
22 2 57
16 18 89
8 11 94
16 18 37
20 22 1
5 6 10
0 1 28
5 6 76
20 0 65
2 5 47
15 16 15
1 3 77
7 7 48
3 7 10
3 6 79
21 23 5
9 12 44
7 12 13
3 5 46
22 0 41
18 22 61
5 8 32
23 2 6
6 7 33
3 8 61
4 8 99
16 19 41
9 13 51
21 1 7
14 17 14
11 13 61
23 1 81
7 11 100
16 19 67
6 9 7
16 19 72
14 17 75
15 18 69
7 10 37
3 6 40
12 14 99
21 0 12
10 14 89
22 2 81
0 3 12
0 3 9
7 11 12
1 4 57
16 20 63
5 7 18
18 23 47
12 14 46
22 2 55
6 8 5
20 22 59
10 12 7
6 9 92
12 15 22
15 16 54
3 6 39
11 16 88
9 11 48
18 20 77
5 7 57
11 13 38
10 13 34
20 23 22
20 23 1
16 18 79
20 23 64
3 5 73
21 0 84
18 21 39
17 19 72
7 9 20
7 9 16
19 23 6
7 10 80
10 13 69
0 2 32
14 17 91
23 4 77
13 16 62
15 18 47
13 16 4
11 14 29
3 6 34
9 10 11
23 2 59
4 7 64
21 0 31
23 2 90
8 10 84
20 23 83
16 20 95
1 5 43
15 18 19
0 3 7
15 19 56
10 12 54
14 17 71
2 6 67
15 17 55
7 9 33
20 23 19
20 23 83
14 16 71
18 21 93
2 5 66
3 4 11
19 0 86
9 14 12
6 9 27
16 19 27
13 15 5
0 2 5
21 0 88
3 5 44
19 22 5
12 16 8
23 2 85
5 8 39
15 20 5
1 7 36
7 9 92
22 0 90
18 22 9
0 4 83
17 20 8
16 19 77
6 9 76
13 15 16
2 5 26
12 13 82
1 4 25
14 18 21
12 15 51
9 13 79
15 18 53
7 12 43
2 6 6
17 20 3
13 15 53
17 20 80
7 10 6
10 15 52
11 12 60
11 15 81
23 1 92
11 14 24
16 19 37
11 15 69
14 17 41
2 4 91
6 10 4
20 23 28
15 17 27
10 12 82
12 14 79
23 2 91
18 21 80
2 6 81
13 17 32
16 18 43
1 5 8
11 14 58
13 17 17
4 8 21
23 2 58
19 23 32
13 16 14
13 16 21
20 23 70
19 21 28
21 2 6
19 21 3
8 10 79
17 19 54
17 21 70
18 22 41
7 9 52
5 8 49
16 20 39
15 18 99
18 21 2
6 10 64
10 12 16
18 22 96
20 22 82
10 13 78
4 6 61
10 14 26
3 6 71
21 0 3
23 2 5
5 8 58
0 5 95
9 13 67
2 2 70
15 19 77
4 7 71
1 4 36
8 10 95
1 3 41
13 16 55
0 5 25
10 14 97
7 11 2
13 14 38
23 3 9
20 0 22
4 7 60
12 15 70
9 13 97
1 4 64
7 9 28
21 0 35
0 4 5
9 12 21
10 12 43
20 23 28
13 15 62
3 7 17
9 12 21
8 12 81
2 4 31
10 15 97
11 13 33
13 16 6
16 19 13
6 9 20
19 22 28
6 10 67
9 12 18
14 17 100
18 19 80
18 21 23
2 5 57
4 7 26
7 10 54
13 16 66
16 19 17
17 21 37
8 9 75
19 23 96
22 0 49
23 2 84
10 14 67
17 20 81
15 16 58
2 5 39
21 23 8
5 8 70
3 7 32
19 22 84
21 2 100
7 8 48
18 22 34
20 1 36
9 11 14
13 17 25
10 14 88
20 23 6
18 19 52
7 11 95
9 13 38
4 7 47
5 8 13
14 16 55
12 14 57
21 0 5
22 0 72
22 2 33
8 13 100
10 12 16
16 21 78
2 6 31
4 7 51
6 10 2
19 21 75
3 6 18
1 4 65
6 9 1
22 0 34
13 17 80
17 20 45
21 0 40
11 15 95
13 15 76
9 11 47
12 15 26
1 3 73
13 17 23
9 11 4
20 0 39
14 18 62
22 1 16
22 0 63
22 3 55
22 1 7
14 17 35
7 10 76
19 21 66
8 11 71
4 7 16
22 1 81
2 5 37
15 19 46
1 3 16
10 12 4
11 12 87
3 5 56
0 2 78
18 20 86
22 0 86
16 18 27
5 8 26
16 19 45
22 2 93
15 18 24
10 13 14
14 17 2
14 17 27
14 18 39
6 10 17
15 18 20
18 21 9
7 9 99
1 2 9
19 21 94
7 10 86
2 5 69
0 3 20
6 10 23
9 14 19
11 13 17
7 11 48
7 9 13
1 4 1
14 18 50
0 3 97
13 15 70
16 20 58
15 18 88
14 18 81
10 13 36
11 13 43
17 21 70
10 13 33
22 0 5
17 22 1
14 18 34
16 19 14
4 7 32
11 14 15
21 0 84
18 22 37
11 13 80
6 7 60
13 15 90
5 8 28
12 14 65
16 20 49
17 20 56
9 12 18
11 15 49
23 1 35
21 23 99
19 21 35
5 7 15
7 10 55
4 8 38
6 9 34
7 9 51
12 15 33
6 9 59
0 3 23
15 17 67
15 19 4
19 23 69
7 11 62
12 17 55
12 16 86
10 14 34
11 13 10
6 11 24
16 20 72
4 7 41
17 22 16
23 2 83
18 23 55
16 18 92
23 2 89
2 4 50
20 21 85
7 11 45
21 23 16
2 6 97
23 2 13
20 23 6
22 1 59
6 8 52
4 6 51
2 5 80
23 3 5
4 7 72
10 14 68
3 7 9
23 1 25
18 22 45
1 6 22
14 17 92
17 21 14
19 22 19
13 16 77
7 10 98
21 0 61
18 21 10
13 16 66
18 22 41
13 17 18
8 11 3
7 10 80
2 6 97
4 8 34
21 23 75
18 22 87
20 0 86
1 3 47
18 21 97
9 14 30
13 14 77
5 10 10
2 5 95
20 0 7
19 21 82
19 22 86
17 20 45
14 18 9
19 23 36
6 11 20
12 13 4
2 6 40
19 22 41
20 21 85
12 15 95
9 13 42
0 4 49
16 19 45
22 2 100
20 23 58
16 18 92
1 4 55
11 14 1
4 7 10
1 5 50
6 8 3
0 4 60
6 10 47
21 0 96
6 9 35
6 10 27
11 14 84
11 15 8
9 12 52
9 13 43
14 19 48
19 21 80
7 9 96
15 18 72
18 20 37
22 1 2
14 18 42
23 1 22
16 20 50
8 12 55
16 20 87
0 4 38
2 6 74
8 10 73
2 4 76
1 4 40
23 2 81
2 5 95
10 12 97
5 8 59
19 22 37
11 15 89
15 18 38
3 5 73
20 22 98
11 14 20
23 1 11
18 21 12
15 19 96
13 15 35
12 14 69
17 20 8
16 19 6
23 3 83
0 2 80
12 16 83
16 20 7
6 8 94
12 14 20
7 10 4
10 11 50
9 12 84
8 10 43
12 17 78
23 2 41
4 7 7
0 4 18
8 11 49
22 2 15
11 14 87
20 23 99
5 7 43
20 22 5
20 21 19
17 21 1
14 15 53
22 2 31
23 1 59
18 22 35
11 15 86
21 0 73
6 10 83
21 23 85
2 5 91
8 11 75
8 12 3
0 2 98
7 11 83
10 13 31
10 12 95
2 5 30
9 11 10
17 21 71
22 23 98
8 12 60
10 13 49
22 23 25
21 0 16
16 20 65
20 21 88
13 15 56
10 14 58
0 1 73
17 19 17
11 13 5
5 8 4
21 21 66
20 0 25
0 2 22
5 7 90
3 5 69
3 6 56
19 21 63
18 20 47
23 2 64
17 19 12
3 6 48
2 5 29
6 9 16
2 4 8
5 9 11
19 23 1
7 9 84
12 15 75
2 4 78
0 2 18
4 8 94
14 17 28
3 7 38
11 15 92
2 4 8
16 19 83
17 19 81
13 16 90
1 4 55
0 3 20
16 18 46
19 22 7
2 5 14
16 20 1
22 2 11
9 11 46
18 20 15
13 15 65
14 18 54
11 12 73
0 3 16
0 2 94
18 20 55
14 16 20
18 0 11
7 11 52
13 17 10
15 17 80
12 16 57
10 11 77
17 21 91
0 3 80
13 16 69
11 15 53
21 1 86
10 12 91
9 11 71
6 10 76
3 4 4
0 3 26
17 18 99
1 2 24
2 4 25
5 8 42
20 23 49
1 4 76
16 19 100
20 23 88
13 14 42
8 11 100
0 3 17
2 4 31
19 23 3
14 18 44
7 10 66
1 4 83
16 20 37
16 20 76
14 17 92
22 0 76
20 22 49
20 23 9
3 8 94
10 14 90
15 19 75
6 10 61
7 11 54
6 8 93
21 1 34
6 9 80
19 21 55
5 6 95
18 22 12
20 22 79
2 5 8
7 10 52
3 6 47
21 0 20
12 16 100
17 22 53
1 4 100
15 18 10
10 13 15
10 14 93
0 3 80
18 23 34
8 10 43
16 19 66
14 17 48
19 22 25
19 22 26
8 10 77
22 1 14
8 11 69
3 4 71
6 7 62
12 15 43
15 19 99
7 9 67
18 20 39
20 23 38
6 11 43
0 3 52
16 19 53
11 13 24
1 4 24
11 12 16
8 11 52
21 23 6
10 12 11
16 20 22
21 1 37
19 22 62
6 8 68
23 2 28
0 3 44
8 10 94
6 9 96
20 23 64
15 19 54
14 17 43
12 14 5
18 22 11
8 10 89
5 8 62
16 19 3
5 8 89
13 15 27
0 2 87
11 16 80
1 5 46
2 6 52
22 1 71
2 5 96
15 19 35
1 3 75
6 9 78
4 8 1
9 13 42
3 5 39
1 4 52
14 16 25
10 13 40
6 9 9
9 10 80
22 2 45
10 12 79
7 10 94
10 11 60
15 17 63
10 13 57
3 5 48
13 16 86
3 6 57
20 23 27
17 21 3
17 20 31
9 14 99
20 23 88
19 22 50
15 19 67
5 10 24
7 10 55
14 19 85
4 7 56
21 0 51
4 9 90
0 3 1
2 6 99
2 6 40
22 1 73
6 9 91
1 5 29
21 0 93
12 15 31
7 8 43
22 23 90
18 21 38
20 22 34
4 8 57
6 8 22
3 5 58
15 19 40
6 8 73
19 22 12
19 22 90
3 6 65
22 3 24
17 20 86
23 2 50
9 12 26
11 11 33
22 1 85
5 8 81
0 3 35
6 9 70
20 23 65
4 9 2
8 12 40
22 2 80
2 6 22
20 23 56
4 8 50
3 6 36
5 9 43
16 20 18
13 16 17
3 6 57
21 1 85
19 20 69
14 17 35
11 12 11
5 8 85
8 13 41
14 16 24
23 2 42
5 8 27
20 22 30
10 14 97
14 18 6
15 17 98
9 12 4
16 19 49
2 5 56
22 0 76
9 11 59
13 15 17
23 3 41
8 11 97
0 4 8
2 4 51
0 5 16
20 23 75
17 22 22
15 17 35
6 7 84
11 14 8
20 0 82
10 12 45
3 7 27
5 10 83
14 17 74
5 9 97
5 7 33
8 11 41
13 17 60
8 12 19
1 5 45
18 21 82
1 4 31
15 19 3
10 12 33
6 9 3
6 8 76
14 18 17
1 4 78
3 6 5
6 9 38
23 5 6
7 11 70
22 0 77
6 10 23
10 14 70
22 2 89
8 11 66
0 4 18
0 2 64
15 18 96
8 12 63
8 10 58
21 1 58
22 2 78
23 1 57
15 18 22
19 22 70
23 1 33
14 16 20
12 16 27
17 21 23
13 17 34
3 7 41
23 3 27
2 4 81
1 3 43
7 9 97
4 6 37
13 15 41
4 6 73
11 14 81
11 14 83
5 7 22
12 16 34
7 11 29
10 13 74
18 20 76
22 2 92
19 21 23
4 6 98
14 17 13
6 11 53
13 16 89
11 13 43
5 7 8
0 3 93
21 1 4
22 2 43
21 21 35
9 12 95
20 23 52
17 20 77
10 14 26
14 17 67
21 23 13
12 16 89
4 5 90
12 13 59
13 18 68
11 12 56
15 18 90
17 20 44
21 0 24
8 11 93
15 19 4
0 3 80
2 5 22
3 5 100
4 6 48
1 5 31
20 23 37
14 16 30
14 19 18
21 0 78
9 12 36
2 6 19
13 17 2
1 4 78
14 17 46
0 4 76
0 3 88
14 16 51
17 18 52
16 21 97
4 5 30
17 20 22
21 23 25
22 2 82
18 21 70
19 23 93
4 7 66
8 10 18
23 2 75
12 13 15
4 7 47
17 19 97
23 1 87
20 0 35
23 4 76
3 6 18
1 5 69
1 4 69
5 8 19
18 23 25
14 17 52
14 15 37
1 4 28
16 18 78
7 10 22
15 17 31
19 20 67
1 4 35
7 9 17
10 13 51
17 20 50
5 8 46
12 16 52
16 21 14
7 11 16
6 8 39
20 21 42
10 15 47
22 0 69
0 3 94
6 11 12
8 12 9
5 8 19
18 21 5
8 12 48
22 2 38
18 22 54
20 22 79
6 9 77
17 20 68
5 9 53
15 17 76
21 1 71
4 7 38
1 3 76
8 10 55
3 6 89
8 10 42
1 4 44
16 18 91
10 13 22
4 8 48
1 3 81
14 18 32
2 5 37
13 17 52
22 1 10
10 13 41
0 2 21
23 2 42
15 18 92
18 21 45
5 8 63
5 8 48
13 15 29
2 4 2
21 1 82
21 23 49
7 10 91
18 21 91
22 0 69
13 16 87
8 10 91
7 9 5
20 0 88
12 15 52
9 13 90
5 7 80
10 12 45
6 9 92
9 13 67
2 4 72
13 16 65
21 0 51
5 8 29
2 4 78
7 12 78
14 15 30
22 1 37
2 5 70
12 15 2
2 6 2
12 15 93
1 3 20
5 8 73
7 12 50
23 2 54
20 23 34
8 10 53
18 21 35
22 2 47
0 4 49
12 14 38
4 6 36
13 16 95
2 6 15
23 4 51
21 23 60
2 5 58
11 14 93
17 21 70
23 2 26
23 2 16
16 19 41
14 19 85
2 6 89
2 5 82
0 2 66
0 2 100
12 17 47
15 19 85
7 10 64
0 3 21
10 13 18
6 9 16
16 21 75
6 10 80
12 15 99
23 2 51
13 14 3
0 1 32
13 18 43
3 5 93
6 9 45
13 15 93
18 22 89
0 3 93
8 12 76
0 1 39
19 21 76
8 9 28
8 10 2
5 9 94
0 4 13
7 10 99
17 21 4
22 1 85
21 1 27
17 22 92
2 5 54
15 19 63
6 9 7
9 11 84
1 6 86
7 9 59
13 16 1
8 10 67
1 6 3
7 12 87
7 9 42
17 19 48
15 18 91
16 19 3
23 3 17
0 3 71
6 7 27
7 8 20
11 14 21
9 13 75
1 3 20
2 5 91
0 1 65
0 4 77
0 3 99
0 2 96
3 6 19
0 4 8
22 2 93
7 11 73
2 5 66
22 0 18
12 15 91
13 15 52
11 14 73
22 1 7
18 21 90
3 6 75
22 1 58
14 15 88
13 16 10
3 5 94
6 9 45
21 1 10
5 9 33
4 7 43
17 20 72
13 16 28
2 5 77
13 15 21
4 7 28
1 4 70
11 14 53
10 12 81
22 1 31
4 7 37
22 1 41
13 16 53
23 2 100
23 2 44
18 22 83
12 17 91
23 1 72
3 8 95
9 12 62
20 22 59
13 16 53
16 18 18
13 15 75
22 2 73
7 11 64
5 7 35
19 21 3
3 4 87
11 14 54
5 9 60
18 22 71
21 0 62
19 21 24
2 5 1
23 2 7
8 10 4
12 15 75
19 22 44
9 12 94
20 21 42
7 12 98
0 3 94
3 6 46
9 11 90
9 10 55
15 19 1
21 1 8
23 2 74
9 11 51
12 16 59
23 1 83
19 21 66
20 22 13
23 2 4
9 10 62
2 4 100
17 18 73
14 16 28
15 18 58
8 10 9
19 21 86
23 1 58
9 11 74
10 14 10
19 21 41
0 4 49
3 6 38
7 11 87
7 10 9
10 12 93
9 11 3
13 16 57
9 11 77
15 20 36
13 16 21
12 15 18
19 23 92
2 5 32
15 17 75
9 11 86
18 23 58
21 2 44
23 2 31
9 13 62
20 0 5
10 13 61
9 13 18
12 15 98
14 18 21
4 4 80
18 22 30
6 9 76
6 9 78
12 15 17
14 16 52
5 7 24
14 18 78
4 9 45
12 15 68
14 18 5
19 23 11
12 14 69
21 0 12
23 2 11
12 14 43
21 23 32
20 1 79
7 11 52
12 15 70
22 1 85
20 23 69
7 11 32
0 4 62
16 18 50
3 6 76
3 6 93
19 22 86
14 17 59
1 5 18
22 0 84
2 5 88
16 18 91
3 5 40
3 6 73
18 22 52
11 15 23
19 23 15
23 1 99
17 20 88
5 7 12
16 21 73
4 7 52
4 6 85
1 3 33
18 20 51
5 7 92
17 20 12
15 19 83
15 18 20
1 3 36
11 16 26
8 10 3
4 8 86
9 13 43
7 9 1
13 15 43
8 11 36
15 19 38
13 18 10
3 5 36
10 13 59
13 14 87
15 18 68
11 14 53
5 6 1
18 21 53
2 5 59
4 8 81
15 18 85
12 15 60
0 4 95
13 16 7
15 17 77
13 14 72
17 20 3
20 23 31
12 16 31
15 19 2
17 21 13
15 19 75
3 5 17
14 19 57
17 19 45
6 8 39
5 7 62
17 20 28
22 1 82
1 3 95
9 12 95
3 7 45
21 0 12
14 16 91
0 3 36
2 4 64
20 22 16
16 19 23
14 17 69
19 23 88
3 7 27
7 8 87
22 4 60
1 2 44
5 9 21
5 8 8
9 12 34
17 20 30
13 16 79
8 12 32
3 6 74
14 17 19
15 19 92
17 19 22
13 15 70
10 13 58
11 13 72
23 2 70
6 9 42
18 20 14
23 4 8
2 5 43
13 16 47
4 8 27
16 18 46
2 3 43
4 7 1
5 9 76
12 16 78
7 12 47
0 3 50
13 18 10
14 15 52
22 23 45
11 14 39
9 10 87
8 11 53
11 16 73
22 2 52
23 1 7
20 22 75
23 2 30
18 21 99
1 6 60
18 20 18
3 7 9
1 3 90
7 11 46
10 13 44
20 0 66
16 21 15
22 2 82
3 5 12
21 0 70
15 17 22
4 8 100
7 10 36
10 13 33
0 3 73
2 5 95
0 2 47
14 17 23
5 8 22
6 10 77
4 8 40
13 16 18
17 20 75
20 23 79
2 5 57
21 0 76
18 20 9
14 18 57
12 15 68
18 21 65
15 18 28
13 16 86
19 0 50
1 4 63
23 3 83
18 21 48
11 15 11
14 18 76
18 22 41
4 7 90
22 1 99
20 0 61
17 20 91
9 13 33
16 19 59
21 22 15
18 20 4
13 17 15
1 6 94
19 21 32
1 2 34
7 11 49
3 7 90
2 4 92
7 11 35
4 8 67
2 6 25
1 4 39
7 10 79
14 16 31
22 1 83
21 1 70
18 20 72
13 16 12
8 12 60
15 19 8
1 3 28
22 2 34
13 13 14
5 8 8
4 6 14
1 4 26
3 8 18
11 13 33
10 14 54
16 19 80
16 18 98
23 2 70
18 20 30
0 5 77
15 17 21
2 6 100
12 15 6
6 9 84
23 2 81
5 7 30
3 6 60
21 0 48
15 19 79
10 13 24
18 21 73
22 0 73
13 15 47
5 7 27
17 20 13
11 12 79
20 0 65
4 7 11
10 12 81
20 22 66
8 11 52
13 17 44
14 18 57
20 0 50
9 13 13
4 8 38
22 3 83
18 22 19
19 21 15
17 20 54
19 21 79
19 23 61
14 17 92
19 23 25
1 2 58
9 11 8
10 13 23
17 20 85
0 2 11
8 11 32
15 18 97
11 14 5
19 21 83
1 5 76
16 19 99
16 19 58
4 8 12
11 15 64
17 19 52
12 15 52
20 23 59
9 11 51
10 11 13
18 20 9
8 11 8
7 9 9
0 3 61
10 15 8
20 23 54
3 6 65
18 20 7
23 3 9
0 4 53
1 4 40
11 14 55
12 15 75
0 5 16
21 0 75
2 5 42
19 21 81
7 10 50
13 17 98
16 20 14
8 13 80
14 17 78
4 8 35
14 18 35
0 3 20
22 1 94
3 6 85
17 20 6
5 7 51
1 4 68
6 9 3
10 13 45
11 16 82
11 15 63
23 2 48
1 6 69
15 20 14
1 4 74
10 15 40
5 9 40
5 9 87
19 23 24
11 14 1
12 14 86
14 18 87
9 13 99
3 6 77
2 5 28
13 16 78
6 9 25
5 10 53
19 0 95
4 7 58
1 4 18
3 6 20
3 7 99
6 8 28
5 7 46
22 0 11
13 15 18
4 7 42
21 2 80
11 15 86
7 9 55
9 12 86
12 17 90
4 7 38
20 23 74
17 20 74
18 21 14
4 7 15
6 8 81
11 14 60
18 22 89
14 16 14
12 15 34
22 1 36
5 8 6
16 19 5
16 17 71
15 20 3
7 11 37
15 18 73
23 0 84
16 17 88
16 17 10
7 11 87
7 11 64
23 0 93
13 15 25
14 17 41
5 8 24
22 2 40
8 11 63
4 7 63
14 17 90
15 20 89
1 3 45
0 3 89
8 11 23
0 3 60
20 21 93
16 18 44
5 8 15
20 23 75
1 5 43
3 5 52
5 7 7
15 20 36
6 10 48
5 8 20
3 6 87
6 10 81
0 3 78
8 10 18
6 9 42
18 23 62
13 16 79
16 18 4
6 9 100
17 19 14
11 13 61
14 16 64
0 1 29
23 3 93
12 16 55
20 23 46
17 19 74
11 12 72
10 12 6
23 2 20
20 23 15
8 11 46
11 14 72
23 2 19
22 0 36
3 7 81
12 16 13
18 21 32
21 22 98
0 3 93
7 9 95
0 3 76
10 13 9
14 17 92
13 16 32
5 7 53
13 16 96
12 14 3
19 0 56
9 10 97
4 7 99
17 18 5
10 11 10
16 20 28
17 19 86
20 1 27
15 20 68
6 8 55
2 5 57
20 0 62
14 18 77
3 7 93
22 2 6
10 12 9
2 6 67
14 17 61
14 18 77
12 14 55
0 2 26
21 0 89
16 21 53
3 5 60
18 20 12
21 22 68
0 4 16
11 14 93
8 11 17
8 12 54
13 17 72
21 0 89
12 16 87
20 23 65
7 12 66
2 5 25
0 3 72
1 5 93
14 16 74
19 22 40
8 13 39
22 0 79
12 15 79
20 23 64
6 10 74
6 9 76
5 8 38
19 22 92
12 15 76
19 21 100
7 10 56
0 4 11
6 10 54
16 18 20
21 0 74
6 9 68
6 9 5
9 12 8
15 18 38
13 17 63
2 4 30
6 10 29
22 2 35
17 20 23
1 2 57
22 1 62
14 17 33
12 16 78
6 8 3
7 11 43
22 1 94
5 9 71
4 7 90
2 5 12
14 17 44
8 10 93
1 4 91
9 13 21
7 11 85
23 2 92
20 23 49
17 20 59
10 13 22
23 23 59
4 6 25
10 12 54
21 0 45
7 9 26
4 6 93
16 19 41
21 0 22
16 19 38
10 12 80
13 17 99
13 15 52
9 10 74
7 9 96
13 16 46
5 8 88
11 16 86
4 7 10
2 5 92
3 6 11
11 15 78
12 14 4
3 5 9
6 9 97
4 7 3
0 4 65
12 15 98
1 6 23
9 13 73
18 19 94
17 22 4
1 2 100
14 18 51
10 13 98
13 15 14
6 8 43
3 6 82
5 8 48
21 0 51
2 3 11
7 12 95
6 10 27
8 12 64
15 19 76
22 0 10
23 1 57
6 10 34
18 21 41
5 8 72
4 7 86
17 19 85
14 18 37
6 9 27
0 3 63
17 18 78
1 4 95
8 11 26
22 1 33
0 2 80
4 7 51
22 0 19
13 14 75
22 1 32
21 0 69
19 22 41
22 2 48
16 19 83
19 21 57
7 11 4
17 20 95
17 20 16
17 18 64
12 14 16
5 8 65
17 20 59
7 11 2
3 6 60
17 20 67
17 19 9
13 17 94
9 12 7
1 3 50
17 19 29
5 8 44
13 17 87
16 18 26
21 1 11
8 11 93
19 21 77
5 10 86
3 7 5
3 6 47
7 11 17
15 18 23
7 11 82
21 0 21
20 22 2
4 6 62
18 20 34
17 20 2
18 21 1
10 15 19
3 5 79
15 18 73
12 15 30
22 23 78
12 15 63
9 12 93
11 13 31
10 13 63
8 12 95
19 21 81
2 8 68
13 17 99
11 15 43
5 7 44
19 23 2
2 5 70
22 2 17
6 10 97
7 8 17
15 18 8
1 5 89
23 4 27
5 7 60
3 7 11
15 17 96
3 7 52
20 22 32
11 14 19
6 8 11
6 8 90
11 13 47
16 21 90
13 16 49
0 4 72
17 21 100
4 9 38
8 11 58
9 11 16
18 23 51
4 4 49
17 19 50
10 13 78
18 22 47
16 19 76
13 15 20
3 5 62
9 13 23
18 21 61
1 2 77
16 20 99
7 9 57
4 6 58
21 0 30
23 3 52
8 10 59
14 17 23
19 22 89
14 15 75
17 20 7
2 4 83
7 9 95
11 14 25
15 19 88
19 22 39
0 3 57
7 11 74
3 6 95
5 8 88
19 20 25
10 13 51
19 22 4
8 12 62
5 8 16
1 4 78
10 11 25
2 5 70
20 22 92
2 5 59
14 18 10
16 20 24
13 17 4
23 2 85
18 20 91
17 19 79
21 0 66
9 11 94
20 0 56
2 6 91
3 7 3
1 4 71
19 20 16
3 5 91
3 5 38
16 19 80
12 16 20
9 10 39
19 23 72
18 22 67
18 21 21
18 21 74
10 14 71
17 21 45
12 16 39
9 12 60
19 23 71
8 9 57
3 5 15
12 15 2
22 1 75
6 9 53
9 12 48
18 22 58
11 16 82
11 11 97
8 12 38
22 1 4
22 1 42
8 11 42
6 9 55
1 4 63
0 4 40
8 12 69
17 21 2
2 5 34
2 5 96
21 23 18
11 16 60
18 23 74
5 9 31
8 14 43
20 21 99
15 19 34
8 10 30
19 22 68
13 18 18
12 14 89
13 17 45
9 11 14
18 22 32
21 0 36
13 17 64
12 15 6
21 1 26
17 22 51
0 3 25
5 8 90
5 8 16
19 23 58
19 21 24
1 5 29
12 14 26
14 16 29
8 12 32
5 8 77
13 17 12
8 11 67
17 22 95
13 16 82
14 18 4
23 1 83
10 13 50
7 11 9
10 12 72
19 23 49
23 2 33
16 20 51
17 21 27
6 8 99
13 17 49
19 22 58
15 20 64
19 23 61
19 23 5
12 15 27
13 17 56
17 21 34
14 15 20
1 3 72
12 16 8
14 15 43
7 11 71
7 9 32
19 0 7
21 22 98
12 16 1
23 4 62
4 7 20
19 22 64
3 6 9
14 17 75
3 6 10
9 12 37
14 18 43
18 21 40
23 3 90
21 1 73
6 11 69
17 21 39
1 5 47
6 7 63
15 17 62
21 3 62
11 15 9
16 19 5
16 19 28
5 10 23
6 9 93
22 0 79
19 0 7
20 22 63
20 0 77
4 8 54
16 19 36
6 10 34
20 0 100
12 15 87
10 13 53
13 18 96
2 5 7
0 4 77
3 8 60
20 0 17
15 18 52
14 16 94
17 20 33
10 12 51
9 13 12
16 18 33
8 12 2
18 21 68
7 10 80
14 18 77
17 19 26
23 2 85
20 0 51
11 14 50
22 1 45
23 2 57
21 22 77
19 21 94
15 17 5
19 21 42
8 12 38
5 8 55
9 13 8
17 20 5
5 8 56
22 2 98
11 16 38
10 13 20
9 11 24
0 3 27
20 23 34
5 8 97
23 1 57
1 4 89
16 20 48
5 8 50
19 23 76
22 2 68
2 5 24
8 10 41
6 9 61
20 23 38
0 3 26
19 22 88
8 11 41
13 16 68
23 1 78
22 1 7
13 17 50
19 21 34
18 21 97
19 21 7
7 8 80
11 13 97
5 9 9
14 18 15
1 3 12
14 18 2
8 11 28
14 16 11
13 17 6
15 18 67
14 17 5
3 5 9
0 2 68
1 4 7
6 13 63
21 23 39
6 8 98
6 10 29
5 7 77
21 0 73
18 20 53
9 13 27
5 6 7
5 8 90
3 5 76
2 6 64
10 13 22
1 5 41
0 3 28
17 21 48
5 7 35
2 5 49
7 10 68
6 9 45
18 22 59
19 23 40
11 14 63
7 9 26
8 11 59
19 22 87
10 12 76
13 15 74
8 10 27
5 7 62
22 23 55
11 14 78
1 3 75
2 4 51
10 13 73
8 11 35
21 23 55
3 4 97
15 18 73
5 7 48
11 15 26
21 0 46
8 12 28
0 2 84
23 2 77
2 4 99
17 19 31
16 17 72
18 21 97
9 13 84
0 3 15
3 5 27
17 20 1
20 23 66
4 8 91
1 4 32
13 15 22
10 13 57
2 3 22
22 1 3
21 1 51
4 7 37
16 18 75
20 22 97
16 20 40
15 17 2
17 21 95
20 22 43
10 14 66
0 3 5
23 1 57
3 5 89
0 3 47
23 3 28
2 6 69
15 18 65
10 14 69
12 14 98
9 14 40
4 5 10
0 2 92
4 7 63
2 6 93
9 13 89
1 5 41
3 4 7
10 14 100
4 7 78
3 5 43
6 9 92
22 1 86
17 19 97
16 21 26
7 11 13
17 21 15
6 8 83
20 23 50
17 20 95
4 6 49
6 9 68
3 7 45
10 13 32
0 0 63
19 21 38
23 2 20
7 10 97
2 5 48
12 16 46
16 17 50
22 1 39
16 18 67
9 12 58
16 19 56
14 17 62
12 15 32
20 23 22
13 15 77
19 21 56
12 16 65
18 21 17
19 22 40
15 19 81
2 6 26
12 15 93
20 0 23
12 15 67
8 11 92
11 13 33
1 3 70
15 19 42
4 7 65
11 14 86
6 8 79
23 2 10
5 9 99
12 16 10
20 0 37
11 14 69
23 3 78
2 5 26
1 5 35
4 8 31
15 18 87
7 10 52
2 5 33
16 19 94
14 18 48
11 13 49
16 17 49
2 5 92
18 22 67
12 14 92
22 2 61
15 18 76
21 1 24
7 10 68
22 3 35
9 10 96
13 15 74
0 2 3
5 8 87
19 22 47
10 13 37
17 20 86
2 7 40
22 2 23
17 19 88
23 3 57
1 3 95
10 11 40
21 1 26
9 11 82
7 12 100
0 3 8
0 3 38
16 19 99
19 21 84
14 17 64
1 6 35
3 5 87
16 19 19
0 4 49
7 10 72
18 22 11
23 2 39
11 14 63
11 14 42
22 1 45
6 8 19
19 22 50
5 8 23
14 16 87
17 20 89
17 19 2
10 13 27
2 5 99
19 23 82
20 23 23
21 23 28
2 4 74
4 6 2
22 2 52
23 2 93
8 11 61
21 0 87
8 10 79
6 9 31
6 10 95
6 8 22
11 12 87
4 6 86
6 8 56
3 7 22
7 10 3
9 10 92
8 10 78
21 23 43
17 21 67
20 22 62
21 1 34
3 7 8
17 22 77
18 23 6
11 16 100
5 8 46
19 22 90
7 8 9
18 21 70
21 0 87
2 4 60
1 5 29
18 21 66
1 5 89
10 13 58
5 7 2
18 22 89
8 10 22
22 1 81
10 12 32
22 0 21
4 5 92
3 7 39
21 2 83
2 5 83
3 5 57
10 14 91
20 23 24
21 23 40
9 11 13
3 4 15
10 12 28
6 10 55
14 15 96
3 6 16
14 18 98
5 9 43
3 6 35
12 16 4
3 7 96
21 0 15
4 6 46
10 14 21
9 14 36
22 3 39
2 6 69
8 9 65
11 15 64
15 18 25
3 5 1
1 4 84
13 15 52
23 2 99
1 4 89
16 21 45
0 3 27
23 2 72
19 23 18
3 6 39
1 4 61
23 0 94
22 1 27
9 11 67
21 0 78
2 5 8
21 1 82
19 23 96
8 11 17
17 22 29
3 9 100
19 23 93
19 22 3
18 20 73
19 20 88
1 4 73
16 19 95
6 10 53
16 19 16
0 4 1
13 15 1
23 1 64
0 3 82
9 13 10
0 2 14
18 0 28
23 2 44
21 22 1
18 22 16
0 3 46
20 0 67
17 21 59
10 13 86
21 0 34
15 17 58
2 4 69
12 16 65
7 9 12
8 11 43
3 5 81
6 8 63
7 10 50
23 3 27
6 8 74
12 14 86
3 6 67
17 21 40
4 7 88
12 14 28
20 23 32
22 1 80
13 15 23
13 16 60
15 17 22
10 13 3
15 17 46
4 9 72
17 21 73
14 18 13
23 1 64
5 7 75
9 13 54
9 10 49
20 21 21
2 4 12
16 18 20
0 2 19
2 6 66
6 9 62
8 11 82
0 3 76
0 5 6
6 9 54
9 11 100
10 14 74
19 22 58
6 8 76
6 9 68
9 14 39
5 8 62
14 16 73
9 12 95
18 19 46
13 16 44
2 5 30
2 5 74
5 8 74
16 20 40
13 15 90
14 17 15
0 4 67
19 23 48
3 6 28
7 10 97
11 14 78
15 20 38
9 13 80
13 15 10
9 14 62
10 12 78
2 5 47
16 20 43
9 13 48
5 9 68
5 8 33
12 15 42
4 5 3
21 1 99
19 22 42
12 15 50
20 23 94
19 22 23
7 12 100
19 21 18
10 13 97
18 22 35
18 21 77
0 2 45
3 6 74
19 22 44
2 4 20
16 20 21
12 14 67
12 15 80
6 10 2
22 1 79
10 13 27
17 21 59
13 15 56
9 12 2
17 18 53
16 19 67
12 16 53
20 22 99
1 6 62
19 22 91
15 19 86
17 20 68
19 22 48
8 10 97
5 9 74
6 9 88
11 14 3
0 3 25
1 4 70
10 14 21
8 11 56
20 23 16
22 2 50
21 0 100
22 1 95
20 0 32
6 10 71
3 5 80
10 11 95
17 21 86
23 3 11
14 17 31
18 19 75
13 18 47
18 23 21
11 15 68
12 14 24
2 5 36
10 12 34
9 11 97
22 0 52
1 5 45
21 0 26
1 4 35
0 4 45
19 23 57
0 3 81
11 13 4
11 14 60
22 0 24
8 11 13
6 9 38
14 16 30
23 1 56
10 13 67
16 19 93
15 18 3
1 2 73
8 10 7
13 14 55
11 15 44
9 12 86
1 3 96
22 0 48
7 11 36
17 19 45
13 18 15
22 0 55
11 15 2
8 11 23
21 0 77
0 0 71
9 12 57
11 13 91
19 23 63
15 19 60
16 21 35
17 21 89
1 4 55
18 20 4
6 10 53
7 10 64
11 15 60
2 7 2
14 16 15
0 4 3
3 6 2
20 0 49
0 3 58
10 13 6
0 3 95
1 4 26
13 18 18
6 8 93
23 1 41
2 5 100
3 4 84
23 3 9
13 16 32
0 2 50
20 23 2
18 19 82
7 11 38
17 20 94
11 14 11
18 20 83
1 5 12
18 20 2
13 15 24
4 6 20
5 10 71
10 13 64
11 16 22
17 20 27
12 15 36
21 0 29
21 1 51
9 11 78
0 3 47
22 1 27
7 10 79
12 13 96
10 13 80
21 23 27
3 6 35
22 0 43
20 23 55
23 2 47
9 13 34
0 3 13
0 3 98
4 7 7
10 14 84
23 3 89
0 2 11
6 9 69
20 0 83
14 15 75
2 6 70
1 6 23
20 0 45
16 19 14
16 18 75
3 9 96
14 17 60
6 9 1
21 0 58
2 5 67
13 16 86
10 13 45
19 21 56
16 19 13
21 1 37
21 23 74
7 9 73
11 15 52
5 8 76
14 18 67
6 8 38
0 3 15
13 15 36
10 11 47
20 0 74
10 13 81
0 3 95
13 14 10
20 22 30
18 20 97
20 0 23
0 0 70
3 5 24
10 13 51
7 10 56
2 5 53
5 8 97
10 14 7
14 16 35
3 6 33
1 3 23
16 21 26
19 23 64
11 15 8
21 1 83
16 17 19
16 18 17
22 0 63
2 6 25
6 8 28
14 15 97
10 15 68
5 9 60
0 3 24
20 22 84
15 17 71
23 2 45
15 18 9
10 15 71
22 3 14
19 22 15
16 19 33
21 0 41
12 15 29
9 13 54
16 18 42
15 19 10
19 0 89
9 12 4
22 1 20
19 22 69
3 6 81
3 5 93
21 23 15
19 22 48
6 9 21
10 14 73
8 12 30
17 19 82
4 8 51
20 21 85
3 6 40
22 1 77
4 8 41
12 15 98
22 3 12
10 13 27
12 16 96
7 10 7
17 22 89
1 3 1
17 20 26
22 3 59
8 9 43
11 15 3
7 10 95
8 11 82
1 4 5
19 21 87
6 10 57
11 14 1
10 14 42
15 18 28
8 13 53
17 20 55
2 6 30
16 18 73
19 23 5
13 16 34
12 15 99
2 4 58
6 8 65
9 12 10
4 7 64
6 8 81
17 20 77
12 17 89
7 9 33
3 8 93
16 19 95
21 1 41
19 23 93
13 17 79
18 21 83
15 20 28
22 0 21
0 3 58
2 4 59
6 9 12
9 12 79
1 4 74
2 6 7
14 17 78
8 11 58
18 23 29
10 12 29
23 3 24
22 0 54
17 20 4
14 17 28
5 9 16
11 15 22
12 16 24
22 2 19
6 9 48
5 9 41
10 13 24
14 16 27
18 20 48
12 16 85
7 9 98
1 4 98
0 2 21
7 12 74
21 0 25
18 22 61
10 14 8
17 19 57
10 13 91
7 8 38
14 17 4
6 10 30
3 6 94
1 4 12
13 16 39
3 7 88
5 12 57
7 10 72
20 23 48
13 15 69
5 9 31
5 9 91
10 12 6
15 17 78
4 6 70
21 0 57
18 19 58
9 11 33
6 9 82
21 23 33
7 9 47
22 0 96
14 17 1
12 14 28
18 23 83
17 20 52
11 15 62
9 13 74
22 0 70
7 11 11
10 12 76
6 8 92
18 19 81
11 13 30
1 4 77
18 22 85
5 7 79
22 0 43
23 0 87
11 14 58
18 21 62
7 10 53
7 10 19
9 10 84
0 2 97
23 2 18
17 19 63
9 12 91
14 17 8
17 20 20
4 7 70
2 6 46
22 2 66
9 11 53
1 3 97
22 1 2
23 2 92
3 8 1
20 23 53
7 9 81
20 0 28
22 1 25
1 5 70
8 11 4
15 17 30
16 19 79
10 11 95
11 13 41
4 7 33
14 16 51
23 2 9
23 3 23
14 18 53
16 21 99
13 16 1
5 8 90
13 16 39
2 5 60
17 18 75
4 7 26
12 15 61
4 8 42
20 23 72
23 1 12
23 0 7
20 22 47
4 7 90
2 5 54
6 9 28
0 3 39
16 19 54
4 7 47
8 11 88
4 6 90
23 3 10
18 20 19
11 13 23
5 8 37
9 11 33
2 5 18
1 3 34
12 16 60
2 6 92
20 23 31
22 2 93
2 5 100
21 23 40
10 14 89
1 4 2
1 5 62
9 13 15
0 3 94
4 8 83
13 15 6
15 16 38
2 5 100
4 7 27
20 22 11
17 19 36
3 6 12
11 13 3
4 8 49
22 1 44
17 20 28
11 14 79
16 20 91
16 19 86
17 20 38
7 10 15
12 14 50
14 18 47
2 5 81
15 18 92
21 0 53
22 1 45
21 1 88
16 19 48
21 1 56
8 11 64
8 11 15
17 20 36
11 14 88
22 1 74
8 10 12
11 15 78
21 23 71
1 3 70
14 17 40
8 12 54
22 0 96
13 16 22
23 3 64
21 22 53
22 23 86
23 1 6
15 18 72
22 2 83
3 5 25
14 17 48
12 15 91
22 1 27
8 11 33
16 20 27
9 12 91
20 23 70
8 11 74
0 1 92
0 3 100
6 8 29
9 11 61
8 9 55
4 9 78
4 9 72
21 0 63
9 13 59
14 16 1
2 5 78
2 4 23
3 6 88
21 2 63
23 2 44
18 22 91
8 13 77
12 17 13
20 0 5
2 7 18
20 23 76
10 13 51
9 12 25
5 7 63
1 3 1
1 4 44
22 2 57
23 0 31
10 12 73
2 4 6
23 1 56
7 10 81
9 12 47
4 7 17
2 5 11
3 8 62
4 7 47
11 14 45
14 17 7
21 0 30
3 7 2
17 18 94
23 1 98
14 18 15
20 22 38
23 3 7
10 12 23
8 8 5
12 15 82
8 12 30
17 21 82
21 0 69
11 15 10
15 18 76
17 22 4
17 20 76
1 4 81
6 10 57
11 16 95
6 10 54
12 17 13
2 4 96
17 21 45
13 17 4
15 21 71
6 8 94
9 12 27
4 8 60
21 1 63
8 11 41
17 19 94
16 20 83
18 21 4
1 4 28
3 5 38
2 6 72
0 3 72
20 0 37
10 13 79
19 22 74
6 10 12
19 22 81
6 9 65
3 6 53
17 20 44
1 5 96
15 18 44
5 7 76
16 20 86
7 9 45
7 11 80
8 9 43
8 11 22
23 3 75
19 22 70
23 2 12
21 1 2
14 18 33
9 13 69
14 18 40
23 2 92
16 19 56
15 18 1
5 9 31
0 3 50
12 16 4
7 10 45
23 3 90
15 19 23
21 0 9
6 10 33
22 3 53
6 8 53
19 22 67
12 15 24
5 8 97
11 13 67
18 21 60
3 5 26
0 3 29
9 13 56
14 17 25
11 14 46
14 18 29
3 8 10
7 9 65
5 7 59
2 3 88
12 15 99
23 0 1
17 20 20
10 14 53
3 6 87
3 5 75
14 17 64
7 11 14
11 15 1
5 9 40
19 20 34
9 12 38
15 18 96
16 20 82
21 0 19
21 22 43
6 7 32
13 13 26
7 10 60
8 12 74
8 9 2
1 3 100
19 22 80
10 11 75
16 19 63
15 18 12
17 21 16
14 16 19
4 8 24
17 20 28
6 10 2
19 0 81
0 3 63
9 11 36
11 15 85
8 13 46
23 1 87
13 16 7
16 19 95
22 4 12
11 12 62
11 13 13
19 0 77
2 5 60
1 4 40
21 23 96
3 6 63
4 7 58
4 6 72
15 17 31
23 2 97
15 18 50
22 2 8
4 8 55
18 20 59
21 2 84
21 22 96
3 6 34
11 14 33
16 18 6
13 14 76
15 18 76
11 12 40
12 15 60
9 12 83
9 13 50
2 5 23
15 19 54
2 4 52
6 9 82
12 16 87
5 7 6
10 13 73
12 14 53
9 11 28
4 6 53
13 16 42
7 10 79
21 23 32
5 8 70
18 20 32
15 18 73
22 1 62
7 9 86
1 3 99
20 23 82
20 22 56
12 14 2
7 10 46
10 13 7
21 23 30
14 18 21
6 10 74
15 20 64
5 9 76
22 2 35
12 14 98
11 14 89
23 2 3
11 14 61
10 14 16
23 1 72
6 10 26
13 16 26
3 7 21
16 18 51
6 7 79
13 17 17
16 19 51
19 22 100
11 13 83
0 4 68
10 13 1
5 6 10
10 12 94
0 3 72
5 9 7
4 5 74
20 23 32
12 14 78
19 0 95
15 19 21
22 2 52
10 12 43
0 2 56
1 5 97
4 9 91
22 1 38
7 11 58
0 3 10
6 9 96
5 6 29
5 8 97
8 10 63
21 23 67
15 19 42
17 21 36
19 22 8
12 15 94
2 5 81
7 10 93
15 19 7
16 17 32
5 8 43
21 1 47
3 7 99
16 19 64
2 4 66
12 16 8
3 6 30
11 14 31
14 18 87
16 20 26
22 22 6
12 15 84
4 6 15
14 17 3
11 15 6
4 8 46
7 9 30
9 11 42
20 0 6
23 2 20
0 4 81
20 0 74
1 3 29
9 14 8
5 9 14
15 19 70
8 9 94
1 4 19
15 18 47
7 10 2
18 22 98
1 5 98
2 6 10
23 2 19
13 16 62
15 18 45
19 22 52
17 20 76
5 8 46
13 15 73
12 16 48
7 9 85
8 12 51
6 9 88
3 7 77
8 13 74
19 21 52
11 13 95
4 5 85
5 8 36
13 16 39
23 1 1
22 1 6
19 20 19
15 18 2
13 16 66
21 1 8
17 19 94
11 16 51
20 23 39
19 23 60
18 20 5
13 17 77
1 5 51
7 9 93
12 15 41
20 23 33
20 22 5
13 16 42
16 19 66
22 1 87
1 5 27
10 12 54
17 18 92
6 9 46
10 13 38
21 23 60
19 22 92
18 21 55
22 0 88
10 14 50
4 7 94
0 4 27
23 1 43
20 22 34
15 18 22
22 2 81
11 14 75
18 21 38
21 23 30
12 13 69
0 4 71
21 23 2
9 12 72
9 11 9
12 15 86
13 16 16
13 16 96
10 15 40
1 4 70
21 0 41
15 18 95
21 22 79
2 5 61
14 19 33
0 2 62
18 20 36
16 21 75
9 12 99
12 15 87
10 14 96
20 1 75
17 21 95
8 10 18
18 20 55
11 12 84
17 21 6
12 16 71
9 11 55
6 9 58
19 22 77
8 10 66
3 7 63
5 6 45
1 4 52
16 20 28
5 9 6
1 6 11
1 4 95
7 8 92
16 19 60
8 11 79
5 8 48
4 7 4
10 12 34
23 2 65
3 7 52
18 21 7
17 21 85
10 13 65
15 17 38
18 21 14
22 2 24
21 1 93
11 14 6
21 1 87
10 12 83
17 19 33
15 17 82
18 23 87
18 21 97
6 8 84
17 20 42
10 13 83
17 19 90
2 5 91
2 5 22
1 4 67
19 23 92
17 19 11
21 0 23
18 22 16
11 14 14
2 5 36
4 5 27
11 14 63
22 23 69
10 12 48
11 13 37
8 12 98
0 3 57
19 23 19
13 15 8
18 21 73
4 6 90
15 18 1
8 10 33
8 13 33
1 4 27
14 17 73
17 20 74
20 23 57
6 9 72
5 8 42
1 4 18
22 0 80
6 9 12
6 9 21
8 12 32
13 15 35
23 2 50
15 18 51
6 11 76
8 10 76
23 3 19
11 14 52
0 4 52
0 2 70
7 9 34
10 13 10
14 17 53
23 23 2
14 18 33
23 3 84
21 23 11
15 18 38
11 14 25
1 3 27
12 15 73
1 4 34
20 20 15
1 4 82
11 15 91
3 7 38
20 0 88
7 11 85
5 7 54
20 0 34
13 17 84
16 19 89
22 1 83
7 11 5
10 13 89
2 3 4
9 12 93
19 21 38
14 15 78
22 0 74
10 13 14
23 2 19
0 3 54
14 16 19
5 6 83
17 21 28
5 8 85
15 17 18
6 9 19
13 14 90
21 1 63
19 22 52
9 13 90
20 23 80
4 6 7
18 21 93
12 14 45
22 1 21
1 3 11
22 0 22
17 20 7
15 17 3
21 0 31
2 5 40
15 18 10
15 19 74
5 9 7
21 23 86
2 4 66
4 7 44
16 19 12
11 14 63
23 1 8
15 18 50
20 0 30
9 13 47
12 15 66
2 6 68
17 20 87
7 9 52
18 20 93
0 4 30
5 6 14
23 3 61
1 4 66
13 15 94
8 13 95
7 11 82
11 14 81
18 20 64
7 10 54
20 23 44
22 1 46
3 6 48
2 4 42
4 6 58
6 8 23
7 11 36
5 8 19
17 20 55
1 6 54
13 17 73
22 23 84
16 21 16
10 13 31
19 23 7
8 10 6
13 17 70
2 4 23
19 21 32
11 14 30
0 2 93
0 4 18
14 17 56
10 12 42
1 4 74
2 6 44
11 13 74
18 20 4
14 16 71
17 20 84
23 3 37
17 20 26
20 22 97
18 21 67
13 16 36
5 6 42
23 4 42
20 23 54
1 5 2
13 16 8
10 14 73
5 8 24
10 14 31
9 12 65
5 6 91
2 5 92
11 14 93
5 10 80
12 16 77
9 13 59
6 9 84
9 13 97
3 7 75
11 15 30
5 8 38
13 15 26
13 17 24
18 20 57
3 7 77
13 16 71
5 9 22
14 16 80
0 2 94
6 10 66
12 16 80
18 22 62
20 0 95
13 15 65
21 0 31
15 17 77
19 22 62
8 9 88
4 7 23
7 12 74
8 10 44
12 15 9
12 15 16
10 13 75
20 0 78
4 9 20
13 16 5
5 6 52
2 5 96
19 22 63
6 10 10
3 5 87
13 16 89
1 5 25
11 14 25
13 15 21
1 3 6
19 23 71
7 11 55
4 9 92
4 6 47
22 0 23
7 12 46
3 6 23
11 12 26
15 18 10
23 3 48
0 3 20
2 6 21
13 17 83
4 6 40
11 13 21
2 6 39
13 17 36
8 11 65
7 11 43
7 10 34
9 13 99
21 23 90
15 19 60
12 16 54
11 14 89
21 0 12
13 18 93
19 22 78
5 9 53
11 13 55
4 8 84
8 11 70
7 11 41
14 17 22
23 3 50
3 6 59
14 19 39
19 21 26
4 5 31
9 12 48
21 22 16
16 20 98
0 3 33
7 10 11
5 8 36
17 21 66
18 20 75
22 1 65
4 8 42
16 17 77
13 17 86
15 16 59
23 3 86
14 19 94
0 4 99
23 1 35
23 2 3
19 22 30
4 8 77
2 6 16
8 11 92
23 2 87
20 1 22
14 17 87
7 9 85
9 13 9
21 0 50
5 8 87
14 18 85
17 20 74
2 3 26
18 22 92
5 8 21
21 2 12
21 0 37
18 21 23
11 14 99
10 14 90
12 16 63
9 13 82
21 22 90
1 5 92
18 21 32
23 2 77
1 3 57
10 12 44
5 8 52
21 2 2
5 8 42
16 18 53
5 7 48
7 10 33
2 5 20
15 17 39
22 1 20
19 22 91
13 16 20
8 12 21
18 21 52
4 6 67
8 11 100
2 6 87
5 7 88
17 20 17
19 21 36
14 16 28
16 17 94
9 12 45
22 1 8
2 3 38
16 19 72
13 16 3
0 3 57
3 6 70
22 2 51
1 4 96
8 12 54
8 12 72
3 5 4
3 7 50
3 6 76
22 23 31
20 23 95
5 8 85
13 16 76
8 10 82
19 22 53
0 3 71
19 23 89
17 21 37
19 22 19
11 14 35
17 21 23
20 0 75
4 8 77
0 4 22
11 12 54
22 23 53
19 22 65
21 0 91
10 14 89
14 17 27
8 11 69
22 1 37
9 11 97
11 15 4
4 6 8
19 21 79
11 15 36
13 17 99
0 3 1
9 13 39
1 4 59
23 3 33
14 15 38
11 12 40
10 13 23
4 8 93
16 19 88
14 15 51
7 10 82
10 14 13
20 23 6
8 11 100
18 21 95
13 16 98
19 0 15
1 4 14
4 6 84
22 2 87
5 7 81
21 0 98
9 14 68
4 6 57
15 19 20
4 6 96
3 7 71
15 18 10
7 12 12
1 3 25
8 12 3
20 0 3
21 0 7
12 15 7
3 5 10
16 19 43
10 14 61
9 11 65
22 1 94
17 18 33
19 21 55
5 9 5
23 1 64
10 13 23
10 13 75
1 3 72
18 21 27
2 6 51
16 19 69
19 22 26
13 15 67
23 2 80
6 9 40
6 8 91
15 20 19
3 6 86
19 23 77
2 7 62
21 1 7
23 4 10
9 12 65
4 7 58
11 16 37
15 19 90
9 11 43
16 20 82
9 13 73
11 14 52
12 13 54
0 4 19
4 8 47
9 11 31
1 5 76
14 18 31
0 2 70
10 13 34
18 20 12
14 16 41
5 9 42
4 6 71
0 2 38
16 19 25
3 5 20
5 11 20
8 11 46
3 8 89
7 11 15
6 7 12
6 8 15
5 7 94
11 13 15
20 23 87
8 13 74
7 8 75
6 10 2
0 4 41
23 2 25
17 21 28
2 1 94
6 7 13
13 16 91
8 12 24
22 2 52
20 0 77
21 0 75
18 22 83
22 22 57
16 20 14
2 7 53
23 4 33
9 13 25
7 9 42
9 13 83
12 15 19
20 0 11
2 6 100
2 6 74
20 23 45
18 21 1
2 6 38
11 15 24
9 13 54
4 8 50
2 5 67
0 3 56
8 10 85
3 5 54
23 1 84
1 4 43
2 6 44
0 4 90
12 16 65
19 23 42
8 12 84
6 8 77
12 14 92
19 22 80
23 3 36
5 8 31
2 5 83
14 17 34
13 17 73
18 20 19
20 23 49
15 19 78
11 14 20
19 21 60
12 13 75
18 22 10
8 10 7
3 5 45
1 3 73
6 9 18
1 3 36
10 14 74
19 22 75
6 9 68
3 5 98
6 9 56
18 22 96
23 2 74
20 0 10
11 13 6
11 13 1
6 9 42
11 14 37
3 6 15
23 5 64
18 21 12
10 12 11
14 16 49
17 18 40
14 17 19
18 21 73
1 3 16
8 13 96
11 12 66
1 3 2
2 4 38
3 6 39
12 14 16
16 18 2
16 18 46
11 13 97
15 18 65
6 9 95
5 10 69
18 21 71
0 4 30
9 12 96
23 0 64
10 12 76
4 7 14
19 23 5
7 10 63
20 23 11
21 0 16
18 22 3
21 0 89
8 11 53
6 10 35
11 15 31
20 0 86
6 9 12
7 10 37
21 0 31
17 20 23
12 17 62
10 14 87
10 13 51
6 8 13
21 1 42
13 17 45
23 2 85
1 4 91
3 6 4
17 20 42
12 15 61
20 0 42
18 21 27
17 21 23
2 4 49
10 12 52
22 0 94
6 7 91
4 8 48
16 17 18
2 5 9
3 7 2
17 21 17
21 1 54
2 3 2
15 19 11
23 2 100
14 17 18
14 18 28
18 22 37
7 9 41
1 4 68
22 0 27
23 1 70
12 15 53
3 7 75
14 17 41
7 11 21
5 8 94
11 16 84
2 5 18
12 15 57
6 8 71
14 16 56
12 14 18
0 2 1
13 16 90
5 8 24
21 1 26
10 14 28
23 3 23
1 4 3
18 21 95
22 0 42
5 7 29
20 23 48
5 6 56
2 5 5
19 21 33
4 8 61
5 8 5
12 15 2
7 10 73
6 9 12
19 21 62
10 12 1
19 21 81
9 12 82
17 19 61
18 22 33
0 3 70
19 23 60
16 19 83
23 1 40
9 11 42
13 16 9
20 0 8
16 21 38
17 21 20
23 0 21
15 16 70
21 23 97
22 2 46
0 2 91
18 21 3
21 23 42
9 13 31
23 2 35
10 13 19
2 5 74
8 10 43
10 13 3
6 10 72
20 23 15
8 10 75
12 16 63
6 8 67
11 13 60
16 18 57
10 12 37
23 2 7
4 7 37
22 2 29
17 21 48
1 4 39
3 7 20
1 4 27
0 1 57
8 12 54
16 18 92
20 20 83
13 15 80
12 15 12
20 21 36
1 5 51
19 21 100
21 1 80
22 3 9
0 4 89
22 3 98
19 22 1
10 13 86
1 4 30
0 2 92
22 1 47
0 3 78
4 6 35
12 14 28
7 12 81
19 22 13
20 1 59
17 19 80
19 22 23
15 17 90
6 9 4
6 6 80
16 19 4
11 14 99
14 18 67
22 23 58
11 15 60
14 18 95
16 18 7
13 16 57
9 11 58
12 16 57
18 22 46
19 21 19
22 1 33
0 2 28
13 16 99
0 2 26
3 6 59
20 23 54
15 18 1
0 4 1
23 4 99
2 6 27
21 0 55
14 16 63
8 12 45
13 15 4
23 1 14
5 8 82
20 23 82
8 10 11
23 2 77
4 7 89
4 8 37
21 0 23
3 6 53
15 18 17
4 7 87
11 13 42
20 23 82
12 16 4
21 22 26
5 9 45
5 9 82
11 13 16
11 13 3
20 22 60
13 16 38
4 6 57
15 18 61
19 21 55
2 5 55
14 17 80
23 2 25
20 22 71
8 12 49
22 0 28
0 3 93
3 6 15
12 13 80
3 6 96
4 7 26
21 0 15
17 20 28
20 0 8
7 10 88
4 6 46
20 21 46
15 17 17
2 6 41
4 7 90
10 13 43
4 7 35
23 3 18
4 7 53
5 9 76
13 16 28
19 22 64
0 3 57
11 13 88
19 21 32
2 6 47
13 17 76
8 11 42
8 11 6
7 9 65
5 8 41
2 6 67
2 5 68
4 7 98
8 13 52
12 18 40
3 6 1
2 5 67
8 11 22
19 21 95
15 18 69
0 3 20
9 10 3
9 11 5
7 9 51
4 7 78
3 6 29
21 2 44
17 21 98
11 13 69
3 7 83
16 19 34
18 21 25
14 16 76
20 2 25
10 13 26
6 8 84
13 16 62
21 22 43
4 8 91
13 17 61
4 8 73
12 15 5
1 5 56
8 9 91
18 20 19
19 21 26
3 5 59
18 21 43
10 13 14
23 2 38
5 6 64
8 11 73
0 4 6
1 3 57
16 20 19
2 4 79
9 13 44
0 5 54
20 0 85
22 0 16
22 2 28
9 14 99
8 11 53
23 0 36
16 20 74
21 23 19
2 3 81
9 12 20
9 13 2
15 17 58
21 2 57
18 22 11
12 14 11
23 0 90
7 10 54
1 4 44
22 3 2
14 17 41
18 21 67
9 12 100
2 6 70
16 20 74
10 13 2
1 4 73
22 23 19
15 19 7
6 11 95
4 6 70
20 22 73
4 6 1
0 5 68
21 0 86
14 18 61
23 3 88
5 8 84
11 15 88
9 13 93
21 23 79
13 16 31
1 3 1
15 18 21
9 13 34
21 0 64
16 19 56
1 5 58
18 22 88
3 7 82
18 22 19
11 12 87
12 16 34
12 14 29
7 10 51
8 10 96
2 5 12
15 20 19
22 1 25
3 6 44
17 20 62
23 1 87
17 19 45
16 19 24
2 4 51
7 9 26
1 4 6
13 17 79
8 13 13
19 21 1
14 19 8
14 15 30
10 12 53
18 21 3
14 17 71
20 22 40
5 7 98
17 20 43
8 11 85
23 3 30
10 14 68
10 12 71
16 19 19
4 8 22
20 23 56
7 12 91
20 23 6
23 4 70
18 22 99
6 8 28
14 17 58
3 7 61
12 15 44
11 16 81
18 21 94
4 7 56
8 13 54
0 4 29
23 2 39
4 8 49
4 7 5
8 11 76
23 3 65
6 9 35
3 5 72
1 3 78
7 9 24
9 11 48
15 18 13
14 17 15
7 9 29
8 10 36
0 3 82
19 22 27
14 18 44
14 18 16
2 6 46
18 21 97
22 1 94
12 15 90
15 17 19
2 5 49
21 23 72
11 14 48
3 6 55
5 8 45
14 15 65
2 6 8
9 12 2
11 14 100
9 12 35
8 11 78
15 18 20
9 13 71
5 7 90
3 5 20
10 13 89
15 18 91
3 5 21
22 2 3
0 2 74
21 2 8
3 5 91
3 5 70
1 4 99
11 14 70
11 15 7
4 4 70
13 17 99
2 4 92
16 19 22
5 9 41
3 8 70
0 5 54
15 17 68
6 9 14
20 23 62
3 6 30
10 13 60
18 21 12
2 4 63
7 11 66
12 15 63
8 11 80
0 3 12
13 17 14
4 8 30
23 0 86
6 10 81
17 21 27
3 6 61
10 13 4
7 10 32
5 9 67
4 7 51
12 15 85
22 0 36
5 8 66
2 6 50
14 17 28
6 10 44
6 7 80
20 22 43
4 6 44
10 13 76
20 23 70
23 2 72
7 10 41
15 19 60
22 2 63
12 17 99
13 17 39
15 16 12
20 0 81
21 0 96
3 7 93
0 4 50
22 23 42
14 16 58
12 16 55
20 23 31
1 5 31
4 7 90
6 8 23
2 4 92
15 17 73
16 19 36
12 14 60
20 0 96
11 14 27
23 4 65
19 20 42
18 21 24
4 7 65
19 21 75
3 5 52
13 16 12
22 1 47
22 2 9
21 23 98
14 18 41
6 9 70
8 11 35
16 20 40
23 2 7
5 8 80
15 19 22
20 0 68
2 5 67
2 6 12
2 3 50
6 10 100
4 7 59
12 14 39
8 11 72
18 23 11
3 5 71
7 12 57
8 11 80
18 19 19
22 1 75
18 21 83
3 5 97
11 15 83
20 23 36
3 6 61
12 16 56
7 9 33
5 11 9
7 12 74
15 17 45
19 22 94
9 12 63
11 13 88
22 23 78
15 19 29
13 18 89
3 6 97
2 5 81
9 11 38
3 5 59
18 20 2
18 19 44
21 0 6
7 9 33
14 17 66
14 17 40
4 7 93
6 10 84
13 19 78
1 4 48
5 8 42
14 17 45
19 21 8
19 21 8
19 22 77
13 14 58
20 0 70
7 11 64
6 9 86
14 17 11
22 2 64
23 1 6
15 18 7
8 11 15
5 8 50
12 15 1
23 3 19
4 6 84
11 13 62
20 21 75
6 11 29
16 18 68
13 16 92
19 21 99
4 5 30
3 3 76
19 21 16
11 12 48
17 20 7
8 11 60
15 18 25
13 18 30
5 8 87
23 2 8
13 14 35
6 9 58
23 3 87
22 1 46
4 7 77
4 7 7
3 6 62
19 21 66
4 7 52
15 17 64
7 9 83
9 14 7
3 6 58
2 4 49
19 21 21
10 13 73
18 21 93
23 2 33
6 9 18
19 22 4
13 15 81
3 5 53
9 12 52
19 23 49
14 16 47
9 12 87
19 22 51
22 0 11
7 10 94
12 16 8
10 12 93
18 22 92
13 15 1
3 6 89
5 8 12
15 17 69
14 16 50
9 12 52
23 2 67
17 21 14
3 7 9
19 22 75
19 21 82
3 6 46
7 10 54
0 3 65
11 13 54
6 10 46
2 6 95
22 1 29
12 17 75
16 20 94
13 16 6
1 4 98
10 12 20
5 8 39
9 13 64
22 23 41
7 9 92
6 9 57
4 8 69
5 7 79
9 12 74
18 20 60
11 14 52
10 11 61
12 15 5
16 19 68
5 8 61
22 0 6
9 12 14
9 13 77
16 19 56
7 9 53
15 16 69
15 17 17
0 2 6
9 11 54
6 10 73
15 17 20
11 14 15
5 7 20
16 19 57
3 6 74
10 12 29
20 22 25
14 19 78
14 16 42
22 1 13
4 6 42
3 6 55
15 19 96
8 10 50
5 7 34
6 10 89
20 22 5
2 5 78
3 6 11
3 6 46
21 23 65
4 5 86
2 4 33
2 4 22
16 20 92
14 16 77
9 11 97
3 8 83
8 10 100
8 11 85
18 21 99
7 11 5
9 12 53
10 14 27
17 18 58
8 12 16
7 11 3
10 13 84
7 11 59
16 18 62
23 2 94
9 11 64
22 1 20
1 4 13
7 9 40
12 15 27
14 16 45
18 23 56
3 8 62
5 9 69
8 11 22
6 8 6
1 5 46
7 9 19
8 11 14
3 6 40
18 21 15
21 23 37
6 9 82
8 13 91
5 9 30
10 14 83
17 20 86
6 8 83
14 16 31
17 20 99
8 11 32
0 3 54
8 11 28
22 3 29
10 14 78
23 2 40
17 21 37
12 15 81
10 12 18
7 11 82
12 15 74
17 20 58
6 9 37
1 3 15
9 13 12
5 8 18
22 2 45
9 12 51
4 5 56
9 13 13
12 16 16
17 19 63
22 1 66
0 3 52
9 12 83
13 14 61
12 15 10
5 8 7
22 0 1
3 8 42
12 15 96
23 5 34
17 21 89
12 16 56
8 10 10
16 19 92
8 12 83
14 19 66
3 6 23
17 20 55
1 4 85
8 11 60
10 13 15
20 23 42
18 19 38
18 20 69
10 12 1
9 13 8
18 19 80
10 13 1
7 10 26
2 5 83
15 17 85
9 13 75
14 17 12
17 18 69
21 23 57
21 1 17
20 23 90
22 2 61
1 3 11
5 8 39
23 2 99
9 10 49
21 2 80
18 22 9
19 23 54
22 0 34
6 8 40
10 13 54
16 20 21
19 22 39
21 23 84
16 20 33
18 23 45
10 14 11
5 6 46
1 5 18
2 4 86
8 13 87
12 14 88
11 13 85
1 4 28
14 17 93
6 9 68
22 2 90
2 5 41
13 16 6
23 2 24
22 1 1
20 23 19
20 0 9
10 10 31
23 2 49
13 15 56
6 9 69
11 14 50
15 18 64
3 7 66
16 20 28
21 23 16
20 23 99
12 15 100
10 13 66
18 21 22
14 16 44
9 13 59
18 22 32
9 13 20
17 20 69
8 12 75
18 21 65
21 1 32
1 3 88
10 13 13
11 13 17
7 10 20
19 22 19
23 2 83
7 10 35
15 18 96
15 19 61
2 5 100
16 20 24
15 18 1
17 20 65
8 11 70
17 21 87
6 10 38
15 20 9
21 0 49
22 1 86
15 16 73
23 2 36
10 12 35
15 16 66
20 23 94
6 7 12
15 18 84
23 0 54
0 3 92
16 20 46
10 12 66
13 16 21
18 20 78
7 10 86
20 23 62
11 15 58
1 6 19
14 16 31
3 7 39
4 8 14
0 2 22
16 20 74
9 12 39
14 18 91
23 2 2
13 17 44
17 22 65
19 20 6
11 14 75
11 13 65
19 23 38
9 11 1
3 6 54
16 20 50
15 17 34
5 9 7
5 10 7
14 17 52
14 17 96
16 18 1
12 14 37
1 4 37
6 8 59
15 19 13
19 23 16
7 9 10
18 21 17
13 15 29
19 22 82
23 2 36
7 10 62
3 5 27
19 22 71
15 18 31
14 18 11
9 10 79
20 0 18
7 11 1
23 1 23
17 22 24
21 0 78
14 16 85
10 14 42
0 4 86
23 3 26
10 15 97
15 20 12
15 18 27
4 7 81
20 0 87
21 1 25
6 9 29
9 13 54
3 5 90
21 23 78
1 4 79
9 12 15
8 13 45
16 19 93
22 0 47
1 3 39
0 1 100
1 3 97
11 15 19
21 23 52
14 18 60
8 11 31
9 12 23
8 11 4
14 17 24
8 10 63
11 16 40
2 4 15
14 17 97
22 0 42
5 7 44
23 2 14
7 11 48
15 18 8
10 13 64
22 1 69
13 16 6
2 6 98
18 22 30
16 19 57
0 4 78
3 4 99
13 15 92
20 0 16
10 12 81
11 15 87
16 20 32
3 7 45
12 15 94
19 21 26
13 16 43
6 9 20
0 3 51
14 18 62
20 23 68
18 21 27
13 16 87
1 5 17
21 0 24
20 23 57
2 5 55
12 16 97
13 16 35
2 6 79
6 10 21
9 11 5
20 23 94
5 6 1
1 2 96
9 11 17
13 17 98
12 15 91
17 20 94
19 23 38
16 17 97
0 3 86
14 17 66
6 9 89
16 18 36
17 21 97
21 23 61
0 2 8
11 15 95
13 14 58
17 20 51
18 21 77
22 1 16
17 21 92
20 23 18
21 1 66
6 9 12
4 6 64
10 13 9
16 19 10
3 6 49
12 15 5
7 12 18
12 16 19
13 15 71
20 22 27
23 3 4
14 17 32
23 2 1
8 12 98
1 5 56
11 16 69
3 6 53
5 9 75
9 11 45
22 0 80
21 1 6
7 11 36
7 10 29
7 11 81
19 21 3
10 14 14
14 17 44
8 11 47
7 11 47
11 13 10
22 2 7
19 23 89
23 2 88
3 6 94
17 19 14
22 2 13
12 15 41
13 16 10
13 16 2
22 1 63
23 1 10
20 23 69
19 20 69
16 17 12
10 12 58
6 9 35
21 22 71
15 18 75
2 4 28
9 12 96
12 15 69
1 4 30
20 0 27
0 4 47
9 13 7
22 0 48
13 16 44
0 4 8
14 17 5
16 19 40
10 14 4
5 8 60
8 13 44
23 1 22
16 18 70
17 20 70
0 2 67
15 19 73
10 13 59
12 14 37
16 19 62
16 18 44
2 5 59
7 12 54
21 23 58
21 0 97
19 23 31
22 1 87
17 20 69
23 2 70
1 2 20
12 16 98
5 8 8
18 21 93
10 12 71
20 22 37
19 22 62
13 16 38
3 4 96
20 23 88
9 12 1
15 17 95
10 12 10
13 17 77
22 23 8
8 11 58
18 21 61
3 7 62
10 12 59
23 1 72
16 19 89
12 14 66
14 16 67
12 15 52
4 5 4
5 8 72
0 1 30
11 13 72
23 2 62
19 23 22
7 10 69
14 16 66
14 18 47
14 17 26
17 21 44
16 19 21
16 20 4
2 4 65
14 18 43
21 1 16
14 15 86
14 17 89
12 17 87
16 19 86
10 13 26
13 14 69
9 13 98
12 14 79
11 13 32
21 23 50
10 13 77
18 20 61
10 13 5
3 6 57
9 11 1
12 16 48
21 23 50
5 9 26
2 4 95
13 13 86
22 1 39
4 6 63
14 17 1
10 13 61
23 1 49
0 3 58
15 19 98
19 22 91
20 0 32
1 6 50
0 3 27
21 1 68
21 0 89
15 18 88
18 21 52
10 13 13
5 9 87
20 23 19
18 23 53
10 12 2
4 6 64
20 23 16
22 23 20
13 16 73
8 11 5
21 23 50
2 3 14
22 23 46
9 13 91
20 22 41
13 16 10
6 8 55
6 10 44
3 3 1
10 15 70
13 16 23
19 23 63
21 23 24
16 18 10
0 3 93
4 7 60
13 18 51
17 20 62
7 8 91
13 16 61
16 20 57
14 17 4
18 21 33
15 17 29
13 16 53
2 7 2
12 16 97
5 7 61
12 15 81
14 18 66
5 7 99
18 22 41
16 19 85
6 8 38
13 17 51
2 6 53
13 15 26
20 0 3
4 8 4
6 9 51
1 4 5
23 3 29
22 3 95
0 2 35
5 7 34
20 23 100
22 1 64
10 13 57
21 0 77
12 15 40
20 23 1
4 6 59
13 16 13
22 2 9
5 9 23
2 6 34
19 21 79
14 17 54
10 13 43
12 15 63
2 5 83
2 6 7
14 15 14
3 8 84
5 8 43
10 14 26
2 7 22
22 23 1
5 7 1
13 16 54
10 12 70
6 7 40
17 21 21
3 7 83
8 10 17
2 4 66
18 22 22
7 12 30
10 12 60
23 23 59
11 13 82
3 5 2
14 17 94
19 21 24
21 0 8
20 22 41
12 16 47
20 22 87
10 11 5
19 23 99
1 3 15
0 4 79
21 23 4
22 0 17
0 3 13
17 20 70
18 22 94
16 20 57
22 2 84
4 7 95
1 4 20
17 21 73
14 18 97
11 15 5
4 7 46
20 22 14
16 19 57
6 8 59
22 3 44
12 15 92
16 19 22
7 10 21
21 23 28
3 7 81
9 12 19
13 16 1
12 14 41
9 12 84
5 9 15
16 18 20
19 22 94
4 7 57
7 10 52
7 11 36
15 17 24
17 20 66
13 16 83
0 3 51
5 8 63
11 13 78
12 14 4
23 1 28
9 10 90
4 7 96
18 21 33
5 7 100
14 17 88
23 2 100
14 16 24
1 5 48
7 11 85
19 22 38
14 16 25
2 7 44
20 23 15
1 3 40
15 18 83
18 20 50
10 12 31
22 0 23
22 1 51
16 20 1
6 9 84
2 4 57
15 18 47
21 1 25
18 21 98
11 13 64
10 13 85
17 21 69
4 7 37
8 11 10
6 8 100
17 20 65
12 16 84
6 8 87
6 8 36
2 7 51
11 15 42
13 15 46
8 11 66
17 21 16
19 23 73
22 0 16
10 14 4
16 19 25
16 18 11
20 23 82
1 6 66
21 1 78
19 23 55
2 5 41
4 8 89
20 1 28
6 8 83
6 11 35
22 1 56
13 16 53
16 21 4
23 3 35
21 0 65
17 20 2
23 2 40
8 11 25
1 4 27
21 1 37
17 19 43
5 8 15
21 0 74
20 21 45
12 13 99
20 21 76
9 11 7
20 23 49
11 14 13
20 22 25
7 11 26
10 14 80
13 16 27
21 0 35
15 17 41
10 12 4
2 5 57
15 18 45
3 4 35
5 9 97
22 1 85
0 3 85
13 18 46
5 7 41
12 14 52
2 4 35
15 19 8
1 5 86
0 5 73
21 0 53
16 20 35
19 22 16
22 3 83
7 9 57
7 10 78
13 18 49
16 20 49
23 1 3
23 2 71
13 16 61
13 17 33
8 12 25
5 8 19
14 17 86
16 18 63
17 21 33
22 1 17
15 18 1
16 20 50
21 0 61
23 0 26
6 8 58
5 8 89
12 15 65
8 11 89
2 5 94
22 0 88
3 5 23
4 7 43
10 13 41
20 0 43
18 21 51
23 2 79
22 1 90
13 17 15
2 4 40
22 1 93
4 8 28
22 2 95
19 0 84
15 17 51
9 11 9
5 7 8
8 10 20
22 2 35
19 21 100
5 7 10
3 6 11
3 6 88
19 22 3
5 7 63
21 1 74
18 21 73
18 22 42
19 0 53
19 21 80
21 23 37
12 15 38
12 16 44
10 13 8
4 7 42
19 23 25
11 14 55
12 16 36
4 5 98
3 5 83
10 12 61
5 7 66
16 18 73
23 2 94
19 19 50
11 14 74
16 18 1
2 7 84
2 5 49
7 9 21
21 2 70
2 5 74
15 17 19
18 21 74
19 0 97
21 2 17
10 13 47
14 16 82
8 11 63
18 22 62
16 20 29
1 5 40
17 19 97
23 0 11
0 3 98
18 21 7
20 0 36
21 22 38
2 5 98
15 16 39
10 13 38
10 13 44
21 1 81
17 22 9
21 1 55
8 12 9
21 1 73
17 22 30
8 11 95
4 7 80
19 22 49
0 3 74
8 12 82
23 2 12
3 6 33
7 11 44
6 11 33
8 11 6
5 7 15
17 20 77
3 6 57
14 18 61
21 2 72
14 17 17
2 5 100
0 4 51
10 12 49
5 8 26
5 10 14
7 9 31
9 12 33
0 3 60
5 6 29
1 2 80
10 11 79
4 7 11
10 11 28
11 14 34
0 5 21
8 12 80
11 14 89
10 13 10
17 21 8
23 1 86
12 15 75
9 13 65
0 3 63
12 15 100
14 17 19
13 16 56
14 16 64
14 17 36
9 11 48
11 14 37
8 12 19
7 8 20
20 23 91
15 17 15
20 23 75
14 15 33
21 1 93
11 14 7
5 7 27
10 13 93
7 11 58
8 11 82
10 13 96
21 1 38
16 20 29
2 8 23
18 21 86
2 6 42
1 3 24
12 14 92
2 5 87
0 4 4
8 11 52
21 0 20
8 12 79
22 0 29
15 18 64
17 21 71
7 9 93
7 10 27
18 21 14
23 2 35
23 4 92
3 6 88
5 9 26
22 1 59
15 18 43
17 19 74
9 11 46
14 17 59
15 17 97
21 2 4
9 13 88
21 22 34
0 4 41
3 7 38
14 19 77
16 17 95
14 17 99
21 2 44
7 12 48
3 5 6
4 7 1
15 18 96
18 20 19
12 15 87
22 0 29
21 23 14
11 14 79
21 23 97
5 9 64
12 14 6
11 14 45
10 14 75
11 15 81
12 15 28
10 12 80
7 10 12
12 13 29
1 3 96
1 4 11
14 17 87
5 7 53
18 22 33
0 3 3
10 13 47
22 0 47
7 10 82
9 13 93
0 3 21
19 23 54
2 6 89
1 3 21
21 0 85
6 9 68
23 3 93
2 4 65
17 20 33
0 3 75
16 20 3
12 15 12
12 15 43
7 11 49
3 7 90
8 9 22
3 7 55
6 8 28
8 10 99
18 22 71
8 9 22
16 18 71
3 7 62
20 20 10
3 6 98
17 21 59
15 18 6
21 0 72
14 18 62
19 21 69
18 21 84
9 14 10
0 3 27
11 15 47
4 7 21
0 4 48
8 11 65
19 22 1
21 23 58
11 12 36
9 13 83
18 21 12
3 5 3
2 5 40
13 16 24
7 11 90
8 12 56
1 4 99
12 15 20
13 15 81
14 18 88
11 14 30
7 11 93
18 21 81
9 10 53
4 7 95
3 6 92
19 22 9
21 0 91
1 5 75
11 12 24
1 2 25
17 21 75
2 5 96
4 7 24
22 2 91
19 22 76
18 22 48
10 13 22
13 15 71
15 19 79
4 8 39
13 14 5
11 13 69
14 16 17
15 17 28
1 4 71
17 22 77
2 3 9
10 15 2
16 18 45
5 7 51
0 1 57
22 0 77
2 5 29
23 3 32
11 14 87
16 19 84
22 23 84
13 15 74
20 0 32
1 2 40
8 11 34
19 23 9
19 22 9
3 5 78
11 14 72
12 15 55
4 5 41
7 11 54
2 6 84
10 14 56
8 11 20
8 11 92
17 18 59
16 19 50
3 6 15
15 18 7
9 12 65
7 10 56
17 20 58
20 0 85
12 15 34
17 19 10
11 15 15
3 6 38
22 2 12
16 18 88
10 14 6
4 9 83
9 12 68
1 4 14
10 11 42
8 11 47
22 2 53
10 13 57
14 16 29
7 11 17
5 6 90
6 9 83
0 2 25
8 9 76
5 9 97
20 23 83
19 22 63
17 21 87
22 3 76
11 14 33
4 7 48
1 4 1
2 5 56
1 4 37
17 20 56
10 14 81
2 5 44
1 3 9
19 20 56
11 15 65
5 8 66
3 6 85
21 0 62
20 22 64
12 16 97
12 15 6
23 1 78
13 17 62
17 20 21
8 10 83
22 0 87
15 19 24
1 3 53
10 13 65
10 13 8
18 20 87
18 22 98
9 12 42
7 9 98
5 8 86
9 13 30
20 23 67
0 3 35
16 19 8
13 15 22
0 3 60
0 2 20
1 3 68
23 2 60
12 16 98
8 11 98
22 1 60
5 8 97
19 21 77
14 17 67
11 15 95
23 1 79
3 8 84
11 16 10
6 8 87
20 23 57
11 11 96
20 0 8
22 0 88
12 15 67
4 7 98
9 13 24
20 23 41
3 6 95
0 6 13
20 0 32
20 23 93
15 17 53
12 14 45
6 9 5
23 2 84
0 2 60
16 17 7
17 19 3
23 1 40
23 1 77
6 9 23
9 12 39
23 2 64
7 11 14
4 6 89
5 8 95
1 5 87
16 17 97
14 16 42
7 11 19
7 8 92
11 14 23
6 10 84
11 13 53
18 21 81
2 3 73
12 14 59
0 3 22
17 20 55
15 17 36
15 17 100
14 16 41
8 12 24
22 2 7
23 2 87
4 7 81
23 2 77
9 11 80
8 10 98
21 0 95
6 10 31
8 10 25
8 10 97
2 3 84
2 4 83
18 21 20
17 21 42
18 20 17
6 8 79
12 14 13
4 8 73
2 4 32
22 2 24
10 13 76
4 6 64
5 11 16
10 14 62
1 5 34
15 18 71
4 7 38
20 23 49
5 9 32
0 4 90
0 4 45
16 18 100
6 9 30
17 21 14
18 21 17
14 18 7
15 18 35
18 22 88
16 18 85
4 6 85
3 7 14
17 19 76
14 16 52
5 7 21
11 16 76
4 8 62
11 15 76
17 19 8
9 13 2
1 5 89
11 15 3
2 6 32
14 16 94
6 9 45
14 16 48
22 2 39
6 10 86
21 1 60
5 7 26
16 18 91
8 12 75
23 3 78
12 13 68
18 20 38
15 18 80
8 12 47
15 20 25
4 8 20
9 12 86
15 19 22
3 6 21
21 0 53
10 14 1
0 3 86
10 13 82
13 15 91
8 12 63
2 7 41
10 12 85
12 15 5
23 2 17
14 17 57
16 20 7
6 10 40
1 4 80
22 1 54
5 9 14
23 2 65
8 13 61
11 13 96
14 17 13
2 6 19
6 10 14
3 7 4
20 0 2
8 10 49
9 11 21
19 21 41
18 21 63
4 7 39
19 22 14
4 7 26
8 10 46
5 8 78
17 22 70
8 9 1
18 20 92
11 14 49
18 20 59
23 3 97
11 13 76
9 12 26
7 11 41
23 3 47
3 6 36
7 9 86
22 1 98
14 15 14
6 8 16
12 16 54
12 16 72
6 6 73
0 4 28
9 11 89
2 4 61
18 23 38
22 0 81
20 1 49
23 2 94
17 20 22
21 0 47
9 12 99
17 20 67
20 0 62
17 21 44
4 6 72
14 18 99
5 6 93
1 4 12
15 20 69
7 9 52
6 11 3
8 11 26
2 4 58
20 21 14
2 5 22
8 12 3
15 18 39
5 8 71
15 19 31
21 1 4
0 2 96
17 19 77
7 11 73
16 19 47
1 5 24
20 0 1
14 19 63
5 6 66
7 9 77
4 7 63
14 15 45
21 0 39
23 1 69
22 1 60
22 1 22
9 12 19
3 6 73
14 17 59
16 19 95
12 15 29
19 22 73
14 16 89
18 20 23
5 9 93
14 17 22
12 15 37
1 6 15
4 5 23
5 8 100
9 10 48
2 6 25
0 3 80
6 9 78
10 13 14
20 0 88
9 13 73
4 5 30
13 16 47
13 17 53
19 22 27
23 1 70
12 16 95
8 11 72
18 20 76
2 3 62
20 21 98
10 14 94
3 6 87
16 18 94
17 20 82
0 3 76
13 16 27
9 12 36
20 2 13
19 21 22
14 18 12
15 20 83
5 8 9
15 19 13
16 18 29
2 5 3
15 18 82
6 8 77
15 19 29
19 22 25
4 6 7
19 21 20
0 1 77
6 9 89
7 10 56
13 15 91
10 13 15
19 21 27
14 16 82
4 7 28
11 14 87
14 16 58
13 16 29
20 22 30
0 4 75
2 4 56
10 14 44
6 8 18
7 11 88
12 16 70
15 18 43
13 16 23
15 18 22
2 4 51
17 20 14
7 11 40
4 8 44
11 13 46
22 1 13
7 9 58
22 3 81
13 16 52
2 4 48
6 9 16
3 6 59
9 11 91
5 8 40
19 21 80
15 19 20
17 21 36
7 9 42
17 20 100
15 19 26
21 1 45
1 4 76
7 11 49
0 3 14
19 22 39
1 4 9
12 14 82
16 18 6
14 15 15
4 7 90
3 5 91
15 18 43
20 23 3
22 0 45
21 0 95
11 16 17
2 5 59
4 6 35
12 14 69
20 23 81
2 4 11
6 8 70
9 12 37
22 1 27
6 9 42
5 8 48
8 11 11
5 8 50
20 23 98
4 7 98
8 12 94
14 17 6
17 19 28
6 9 19
21 1 49
22 22 33
23 3 71
3 4 99
12 15 55
18 20 20
9 11 38
19 23 43
9 13 47
6 9 42
16 19 24
16 19 9
21 0 100
10 10 26
3 7 14
8 11 37
13 15 48
18 20 97
22 0 53
15 20 48
5 7 99
0 4 62
14 16 18
12 15 75
17 18 64
2 6 3
9 12 53
16 18 26
6 8 88
5 9 33
8 10 93
4 6 40
12 16 91
1 5 48
22 1 48
10 13 77
8 12 68
19 22 58
15 18 25
7 10 44
19 0 27
9 13 95
0 2 60
15 17 75
14 17 7
15 18 5
14 17 97
11 15 12
6 11 56
14 15 46
3 5 72
13 16 34
13 15 91
8 11 14
21 23 9
10 14 46
21 0 90
6 8 74
19 23 87
20 23 75
15 18 98
9 12 15
12 16 45
18 21 13
5 9 69
21 1 12
15 16 56
9 14 49
10 11 80
3 7 39
6 8 98
5 8 20
4 8 38
4 9 9
22 0 35
1 4 27
21 23 7
13 16 46
22 1 59
22 1 41
15 18 42
4 7 39
5 7 100
8 10 95
0 2 17
4 5 48
21 0 38
6 8 17
20 1 77
11 14 97
15 17 44
6 11 6
3 7 66
1 4 24
4 7 63
18 22 42
10 14 92
12 15 37
0 4 20
14 17 25
13 16 49
6 10 32
10 13 65
1 3 30
9 12 73
17 20 70
20 22 100
6 10 23
12 14 77
19 23 7
9 12 100
9 13 18
12 15 10
11 12 3
1 5 7
4 8 51
11 14 59
4 6 78
12 15 88
16 17 2
2 4 71
0 3 19
20 22 29
21 0 57
19 23 2
22 0 80
21 2 55
8 12 7
4 9 1
21 1 92
17 19 98
15 20 73
14 17 8
11 14 81
22 1 33
2 6 22
14 17 42
12 15 49
8 11 61
10 12 65
3 6 21
23 1 24
17 20 69
22 0 35
16 19 25
2 5 17
1 4 88
2 6 95
9 12 94
9 11 51
10 13 27
19 21 10
5 8 39
3 5 35
23 3 77
9 13 98
6 9 79
11 14 92
11 14 70
14 16 66
20 22 68
20 22 97
6 9 5
19 21 51
19 22 41
13 17 77
11 13 83
1 3 77
22 0 35
1 4 67
5 9 33
1 6 7
20 1 44
16 18 80
20 23 51
21 1 18
21 0 18
1 3 13
15 18 35
12 14 30
13 16 20
2 4 16
16 18 23
9 13 52
19 21 14
11 15 45
15 18 94
13 15 76
21 1 73
7 8 8
12 15 49
23 2 87
14 17 28
14 16 11
8 9 24
9 12 77
5 10 43
11 13 94
22 2 61
23 3 42
10 14 5
0 3 38
18 20 43
1 2 9
14 17 35
4 7 65
1 3 74
2 6 67
4 9 77
1 3 31
19 23 84
20 22 39
21 0 45
19 0 69
11 13 9
7 11 84
16 19 31
1 5 54
6 9 4
22 0 12
18 20 82
15 17 4
13 17 89
11 12 66
23 2 60
9 11 38
21 23 8
3 7 61
22 0 100
13 16 1
16 20 59
17 21 27
6 9 45
10 14 86
21 0 49
11 14 87
11 13 96
1 6 89
5 9 35
14 17 41
19 21 82
21 2 50
18 20 1
12 16 26
1 4 99
5 8 4
22 3 64
6 8 23
20 22 44
21 23 28
11 13 37
22 2 56
17 20 71
16 19 88
22 1 13
8 10 52
20 0 68
20 0 36
10 12 28
5 7 60
19 23 69
2 6 86
19 20 1
8 12 30
16 20 10
18 22 31
11 14 38
6 8 24
0 4 71
2 3 68
0 1 78
3 6 81
4 7 20
20 0 75
20 22 85
23 1 16
6 8 66
16 20 35
5 9 21
2 6 59
1 4 34
9 13 79
6 8 92
1 5 56
14 18 1
1 2 10
17 19 93
16 20 35
3 6 82
4 8 34
20 0 28
1 5 36
16 19 76
20 23 36
9 12 9
2 5 85
14 16 70
12 14 41
17 20 62
11 13 30
11 13 60
18 19 5
4 6 78
1 5 29
15 18 34
12 15 64
8 11 18
18 20 34
6 10 83
4 7 92
19 23 92
12 15 1
12 16 21
11 13 70
22 1 58
23 1 75
4 8 82
16 20 47
6 10 72
23 1 42
10 13 97
16 17 77
14 17 69
6 10 15
12 15 26
18 22 2
3 7 20
23 2 44
5 8 52
9 13 32
8 10 56
18 21 68
6 9 93
20 0 12
16 19 48
15 19 74
17 20 78
10 13 15
7 11 74
3 6 50
4 7 6
23 2 29
22 0 60
4 8 29
16 21 45
6 8 45
16 20 37
23 2 70
2 4 78
17 19 26
18 21 25
21 1 1
21 23 89
10 12 66
2 4 81
2 5 96
18 22 38
16 18 92
23 2 83
21 23 98
3 7 89
8 10 45
17 19 71
5 7 17
1 6 48
11 13 71
3 6 47
11 14 53
13 17 7
2 4 96
14 17 98
15 20 7
3 5 49
6 9 37
20 23 62
1 6 76
17 19 22
21 0 60
17 20 30
1 4 50
16 18 42
10 13 10
2 5 5
23 2 7
9 10 79
16 18 92
0 3 8
5 8 43
7 9 52
1 3 98
19 0 18
4 7 83
20 1 98
22 2 73
23 1 32
22 0 57
16 19 49
12 16 99
17 21 26
0 3 95
1 4 93
0 3 44
3 7 46
16 19 100
0 4 12
15 18 52
7 12 97
11 14 12
4 5 29
18 20 34
19 22 85
23 3 18
15 17 27
11 15 96
20 22 50
13 15 59
15 19 80
17 20 44
18 21 68
15 17 83
16 20 98
8 10 21
18 22 71
5 8 72
16 19 95
17 19 84
13 15 49
11 15 45
11 14 47
5 9 29
21 22 56
8 10 54
17 18 48
0 3 22
19 22 56
20 0 11
2 5 58
10 15 71
6 9 83
8 12 13
3 7 88
12 15 83
19 22 12
5 9 64
21 1 62
8 11 1
8 12 18
8 12 1
1 5 15
21 0 9
16 20 42
15 18 70
18 22 3
7 9 66
17 21 80
21 0 47
4 6 7
21 23 71
15 18 89
2 8 84
22 1 51
10 12 4
5 9 29
5 7 50
1 2 40
13 15 49
7 11 72
7 9 21
5 7 87
12 15 28
12 15 40
6 9 8
14 17 27
18 22 66
2 5 88
5 7 85
1 5 87
9 12 49
11 14 92
3 6 6
13 16 12
2 6 91
5 8 7
20 0 34
9 12 41
0 1 39
0 2 83
4 8 79
6 12 46
9 11 72
12 15 31
2 5 12
17 20 2
10 15 90
19 23 76
20 0 56
18 21 28
22 3 26
2 6 99
20 23 25
11 14 26
11 13 24
16 18 92
18 20 97
2 5 51
15 18 66
20 23 96
18 21 68
3 7 48
13 17 22
2 4 13
4 8 36
12 17 50
1 5 56
14 19 47
23 2 1
17 20 49
2 5 27
11 13 81
4 7 6
15 17 56
21 1 57
1 4 98
10 14 38
14 18 72
8 11 90
18 20 91
16 19 20
10 13 40
22 1 4
5 8 57
17 20 82
17 20 94
0 4 21
1 6 79
17 19 43
16 19 11
5 7 82
3 5 69
4 6 17
1 4 71
13 17 49
6 10 87
4 6 28
3 6 88
23 2 43
15 19 47
7 10 83
17 20 6
20 22 22
14 18 33
6 9 85
6 7 59
23 2 13
6 8 11
6 9 49
7 9 94
20 21 95
22 1 26
17 18 10
17 19 29
1 2 65
1 4 40
13 17 37
16 19 7
20 22 85
0 3 11
1 3 15
11 16 88
6 10 24
14 16 86
21 23 10
22 2 28
10 12 38
17 22 32
10 15 79
21 1 55
9 11 14
7 9 4
4 7 71
20 23 31
2 5 14
4 7 36
12 15 34
15 20 22
12 16 91
7 8 85
8 11 29
9 10 100
5 8 62
20 0 12
8 11 7
5 7 16
0 5 75
4 9 96
4 7 45
3 5 23
10 14 43
13 15 9
18 20 91
2 4 14
17 18 100
20 0 83
16 19 90
19 21 99
21 2 82
11 15 1
13 15 57
20 1 9
21 0 79
14 18 41
18 22 11
19 22 31
1 4 70
18 20 82
13 14 74
17 20 61
2 4 84
6 11 23
12 13 56
3 7 7
3 8 2
8 11 69
23 1 87
21 1 90
18 21 57
14 16 19
3 4 100
6 7 3
15 16 6
12 14 35
14 17 82
21 23 78
11 14 49
1 4 59
1 4 68
18 21 49
1 4 35
16 19 24
7 11 44
8 12 33
23 2 87
2 5 1
0 4 54
13 16 56
7 10 52
2 5 53
5 9 1
11 13 61
2 5 64
2 6 42
8 10 75
7 11 57
3 9 41
7 11 3
1 4 7
13 17 62
19 21 98
21 0 75
0 5 84
21 1 85
10 12 92
9 10 11
9 11 58
23 3 53
3 5 76
8 11 8
1 3 66
1 3 63
5 10 13
13 17 60
14 17 3
17 20 32
11 14 80
21 23 83
1 3 10
12 15 14
14 17 49
5 6 56
2 7 24
23 2 23
9 12 67
11 14 60
1 4 4
4 5 46
7 10 8
8 11 31
0 1 92
7 9 75
5 8 78
0 4 32
15 18 87
5 6 70
3 5 8
3 5 8
18 19 77
1 5 33
19 22 57
21 1 96
13 19 40
1 6 93
19 22 92
0 3 3
4 7 12
16 19 87
7 11 41
10 14 84
7 9 8
13 17 47
16 18 20
19 22 11
13 16 62
1 5 93
17 21 42
17 19 12
20 23 12
21 0 55
3 6 42
17 19 14
21 2 35
22 0 56
2 3 56
12 16 10
0 3 32
4 6 5
0 3 21
21 0 48
0 1 82
13 16 24
3 6 51
14 17 14
22 3 44
9 12 30
18 22 78
6 10 100
22 0 58
1 4 98
15 18 60
2 5 89
15 17 5
9 13 14
11 15 78
19 23 46
10 13 19
4 7 38
23 2 77
17 22 33
17 20 28
6 9 66
19 22 10
6 9 6
19 21 9
1 3 26
4 6 87
21 0 69
2 5 7
15 18 38
14 18 82
7 11 15
18 20 95
10 12 37
8 9 75
5 7 57
10 12 46
16 19 91
15 16 50
3 6 57
16 19 91
16 18 69
4 8 66
2 5 18
1 3 56
13 16 9
10 14 7
1 4 87
5 7 43
4 6 1
23 2 7
1 5 69
3 5 37
13 17 56
12 15 17
12 15 72
1 3 91
11 15 96
6 11 73
16 18 67
23 1 69
19 21 98
16 20 3
6 8 34
7 10 88
20 22 1
4 8 52
2 4 97
5 8 41
23 2 52
3 7 98
3 7 59
15 20 95
2 4 10
4 5 53
6 7 54
6 8 43
21 1 23
18 21 77
23 3 60
21 1 6
14 18 36
15 17 77
2 6 60
5 6 59
10 13 40
9 12 72
11 14 24
7 8 11
18 20 54
19 20 78
9 12 11
13 17 44
10 13 95
11 15 24
14 17 71
19 22 37
5 6 36
6 9 81
11 15 78
16 18 74
1 6 75
20 21 40
5 7 5
16 20 46
15 19 96
13 16 94
21 0 5
22 2 34
23 4 35
7 12 86
23 0 67
3 8 63
6 7 88
0 3 82
12 15 54
22 0 2
2 5 27
8 11 94
22 0 72
6 10 69
6 8 61
12 15 74
14 17 66
2 5 7
6 7 80
17 20 27
0 4 74
1 6 12
8 11 50
7 9 49
14 18 61
16 18 65
15 19 33
18 22 17
13 16 54
5 7 83
16 19 78
10 13 5
20 23 20
0 3 64
0 2 67
11 14 98
6 10 22
8 11 55
6 11 72
17 21 7
14 15 16
0 3 86
4 7 58
16 19 90
3 4 58
20 0 37
11 14 61
10 13 66
21 0 8
13 18 22
7 10 26
0 3 63
20 23 87
13 14 28
15 19 12
13 15 54
0 2 76
10 11 28
2 5 100
23 2 14
4 7 59
14 18 46
10 10 80
11 12 43
23 2 16
5 6 15
7 9 64
20 0 38
6 8 86
6 8 5
0 3 10
22 2 20
13 16 22
19 22 4
0 3 78
21 23 35
2 5 6
16 18 19
7 8 65
11 15 77
13 15 93
1 5 74
19 22 95
23 2 25
8 11 84
17 20 23
10 13 49
3 6 59
8 13 19
17 20 81
19 22 36
9 11 63
9 13 42
1 4 33
9 12 33
6 8 52
0 3 1
8 11 85
13 14 69
23 4 34
4 8 15
20 22 47
22 1 62
2 5 79
0 0 11
16 19 12
15 17 21
15 18 15
0 1 66
4 8 48
3 8 43
19 22 19
6 8 21
23 3 32
23 1 63
18 21 38
6 10 69
20 0 78
5 9 58
22 1 76
10 15 1
5 8 51
18 20 13
5 8 44
10 13 43
4 9 72
0 3 30
20 23 99
12 14 91
1 3 43
1 3 34
20 23 87
22 3 81
4 8 83
6 9 44
7 11 81
8 11 47
23 2 60
4 8 58
17 20 76
5 8 75
21 0 39
14 18 99
2 6 81
18 21 67
11 15 75
0 3 38
3 7 88
11 12 44
15 18 89
8 12 33
15 18 40
7 9 25
15 18 26
18 22 63
8 11 45
5 7 72
1 3 43
8 9 80
9 12 79
8 12 25
2 5 72
20 1 98
14 18 5
5 8 48
3 6 68
3 8 72
20 2 16
12 15 29
4 6 98
17 19 71
7 10 5
2 5 29
16 19 70
12 16 46
17 21 60
3 6 81
9 10 38
5 9 52
10 14 48
6 8 71
20 22 67
17 20 13
6 8 83
16 20 53
3 7 88
9 12 87
19 0 36
7 10 44
11 13 80
18 21 50
9 11 55
15 21 69
10 12 57
9 12 35
2 6 32
18 22 56
22 1 84
1 4 47
6 8 97
13 17 10
20 0 55
19 22 46
0 5 14
7 11 24
11 12 80
21 0 67
4 7 2
1 4 81
9 12 84
0 3 49
18 20 31
16 21 63
5 10 78
11 14 64
14 17 72
23 1 61
15 18 5
5 8 44
16 18 16
4 7 78
18 22 79
2 7 83
5 8 26
2 5 42
22 1 52
9 11 99
2 6 60
15 19 64
9 13 37
4 9 21
15 19 24
9 12 90
23 1 75
16 18 42
12 13 39
13 15 92
22 2 12
8 12 48
14 16 19
5 9 96
10 14 14
4 7 79
14 17 99
21 0 15
12 15 41
15 18 21
15 18 30
2 4 59
15 16 48
11 13 23
16 18 82
17 20 28
6 10 59
11 12 92
13 16 43
15 18 46
21 3 60
19 23 60
7 12 64
5 7 60
17 20 2
3 5 16
18 0 11
4 6 41
23 3 66
17 19 20
0 4 31
13 18 2
14 16 81
17 20 93
12 16 51
13 16 46
15 18 70
1 3 50
5 7 69
8 13 18
5 7 54
8 10 21
12 13 26
6 10 91
13 15 13
11 16 69
10 11 72
6 10 6
16 18 81
11 14 87
19 23 10
10 15 6
20 23 68
5 8 71
1 4 89
11 12 90
1 3 13
5 6 27
16 19 7
6 9 5
12 15 32
11 13 36
14 16 18
19 21 32
7 9 56
15 18 16
10 13 95
20 23 79
2 6 33
21 0 4
21 0 60
22 1 37
13 15 49
14 20 81
22 1 84
1 4 56
6 11 65
18 21 39
0 3 14
8 12 83
18 21 46
20 0 80
7 10 67
21 0 31
17 20 46
22 1 12
6 12 48
21 23 56
15 19 98
21 23 98
14 19 87
14 18 30
9 11 27
9 13 94
11 14 11
12 15 23
21 0 87
20 23 94
21 23 36
15 18 52
23 2 8
7 10 50
18 20 95
23 2 43
1 5 34
23 4 34
4 5 5
22 1 54
8 9 39
18 21 13
4 7 16
1 3 86
5 8 28
4 7 18
6 9 39
22 0 55
3 5 46
23 3 9
7 10 46
11 13 5
15 18 30
3 6 23
22 2 41
22 2 7
16 20 88
2 4 99
13 17 39
19 23 79
12 14 89
2 7 63
13 17 2
2 6 74
20 23 72
12 15 22
18 21 6
22 0 33
14 17 91
23 1 67
22 23 35
20 1 73
11 16 90
2 4 43
7 10 52
10 15 86
14 17 61
8 11 67
6 8 66
22 0 25
2 6 90
4 5 98
1 3 73
8 11 81
13 15 60
9 12 18
23 3 60
12 15 40
1 5 26
1 2 39
22 3 49
19 22 7
11 14 91
23 3 70
13 15 91
16 19 26
10 13 61
17 18 27
11 14 25
4 5 25
0 4 9
3 7 25
12 14 88
15 18 14
23 2 34
19 21 68
16 18 22
17 20 18
1 4 80
13 15 75
23 2 83
9 10 90
22 0 84
19 22 9
7 9 64
11 15 70
5 8 100
16 20 64
8 11 34
0 3 43
3 3 43
16 19 18
16 19 3
2 6 54
4 7 23
22 1 71
15 19 13
0 3 84
14 17 48
21 2 12
19 23 78
4 8 73
2 6 61
17 20 74
7 10 20
2 3 7
9 12 99
20 23 94
22 2 30
0 2 60
22 1 3
15 18 59
17 19 8
1 3 70
16 19 37
13 15 34
9 13 92
22 2 72
18 22 31
6 8 41
22 0 90
20 0 96
22 3 28
2 4 4
2 5 50
11 15 47
20 0 89
16 18 13
22 23 50
17 20 85
22 0 47
18 21 67
14 17 86
13 17 77
13 16 29
7 11 64
9 12 28
3 6 47
22 3 15
21 23 2
9 11 22
20 22 71
11 15 55
23 2 70
7 11 68
16 20 43
14 17 49
19 23 67
6 9 99
5 9 25
20 0 2
0 2 56
5 9 89
15 18 49
18 20 6
16 18 74
8 11 82
19 22 45
1 4 23
7 9 48
0 1 35
4 8 56
4 8 16
2 5 11
14 18 43
14 18 32
8 10 64
21 1 100
9 10 72
6 9 12
9 10 29
21 1 71
0 4 8
3 8 39
16 20 67
16 17 13
15 19 7
22 2 55
8 11 71
7 9 57
7 10 43
22 0 24
19 23 4
20 23 4
13 15 46
22 0 71
12 15 3
19 23 21
14 17 34
6 9 73
10 12 42
16 20 69
4 5 4
10 13 76
13 16 69
10 12 67
3 6 26
2 5 95
4 7 7
15 18 47
15 17 73
22 2 53
21 1 56
11 15 78
19 23 45
20 23 29
13 17 68
20 23 74
14 17 10
3 6 1
21 23 10
9 12 50
13 15 79
1 5 56
16 19 87
6 9 78
3 6 23
20 0 39
15 18 92
19 21 69
7 10 50
2 6 25
2 4 49
20 23 2
23 2 81
6 9 46
0 4 36
14 17 39
18 20 60
4 6 80
22 2 88
21 0 95
20 22 39
9 12 68
22 0 35
8 11 55
11 15 49
23 2 46
21 0 22
8 10 67
10 13 91
13 15 9
14 18 7
5 7 37
10 13 93
13 16 95
17 21 58
0 1 56
17 21 80
3 6 79
8 12 15
19 23 40
8 11 74
4 6 78
5 7 86
15 17 67
1 4 1
21 0 69
11 14 78
18 21 64
14 17 10
4 7 21
14 17 77
19 22 21
13 16 81
8 12 26
20 23 1
3 6 57
14 17 72
6 10 5
20 23 45
0 3 51
22 0 39
6 8 78
17 20 19
9 12 44
20 22 94
14 18 95
17 21 9
10 13 85
10 14 90
15 19 26
11 13 82
12 16 84
7 9 52
16 19 6
13 17 61
6 9 79
19 21 85
18 20 50
21 23 65
5 8 84
3 7 3
10 13 66
3 6 72
0 2 87
7 9 84
14 18 100
11 13 16
23 3 2
19 22 64
8 11 94
12 14 67
18 20 12
2 4 79
2 5 52
18 21 55
7 10 21
17 19 18
15 18 71
1 4 31
0 3 71
5 9 72
1 3 64
20 23 9
7 11 26
5 8 34
5 6 16
8 11 57
20 22 32
23 3 94
21 1 72
16 19 50
22 1 22
2 6 56
14 14 5
17 21 39
20 23 26
12 15 40
2 5 46
17 19 74
3 5 90
15 19 13
5 8 69
16 18 60
3 5 44
14 17 86
5 6 24
1 3 70
9 12 54
16 19 90
22 1 63
17 21 39
21 0 2
7 9 71
3 5 16
6 8 4
9 11 30
23 2 2
2 6 21
16 20 64
18 21 71
0 4 29
2 4 39
5 9 76
1 5 92
23 2 30
2 6 99
11 13 97
8 12 20
19 0 69
1 4 23
5 10 75
11 14 73
14 17 65
17 19 26
10 14 86
22 0 49
20 0 64
22 1 21
10 12 87
9 11 4
19 21 98
21 23 35
8 12 80
7 10 3
20 21 99
10 11 8
12 17 15
5 10 18
20 1 46
0 2 96
4 8 59
8 11 1
22 1 10
12 15 34
10 13 86
5 9 58
20 23 64
21 1 61
12 14 9
7 11 70
4 6 61
17 20 85
17 21 19
16 18 20
6 9 94
16 20 92
12 17 74
20 22 95
7 10 61
11 12 70
9 12 94
14 15 43
18 22 9
14 17 76
3 6 21
3 5 86
6 8 19
16 19 65
7 10 91
13 15 77
22 22 62
21 1 54
10 13 14
11 13 63
13 16 44
10 12 8
6 7 4
5 9 43
10 13 43
17 20 97
5 8 28
13 16 1
11 13 80
9 12 54
6 8 28
16 19 20
13 16 45
12 16 3
3 6 91
3 6 30
21 23 2
8 10 72
4 6 32
6 8 84
8 10 39
21 0 80
13 17 23
0 4 32
4 6 63
18 22 81
7 9 57
18 21 11
15 18 69
12 16 46
20 23 20
11 14 38
10 13 100
13 17 94
14 16 17
23 2 6
21 3 66
14 17 58
14 17 97
11 14 72
9 11 33
1 3 19
14 19 54
15 20 95
3 5 72
0 4 10
6 9 18
8 12 6
9 13 29
14 19 3
23 2 19
17 20 64
6 9 79
21 23 40
13 17 12
16 18 57
6 9 32
21 0 79
7 8 45
20 23 61
23 2 1
1 2 68
12 16 94
5 8 57
14 17 50
15 17 77
18 21 13
10 12 82
19 22 75
17 21 77
18 21 97
2 5 70
3 4 15
0 4 68
1 4 66
12 16 16
18 22 18
4 6 84
4 5 44
3 5 6
16 19 76
1 3 73
12 17 95
12 15 33
10 13 94
4 6 61
10 13 84
4 7 61
20 0 96
20 0 29
22 22 76
3 8 66
10 15 10
20 23 76
18 21 39
19 20 27
11 13 36
15 18 37
13 15 44
23 3 55
3 8 37
23 2 59
7 11 27
12 16 69
11 13 36
3 6 81
5 9 35
4 5 38
21 23 75
0 3 86
8 11 15
1 3 16
10 13 39
13 16 99
23 3 55
11 14 18
2 5 6
10 13 25
1 2 89
18 22 82
11 13 28
18 21 31
2 3 5
0 4 50
13 16 98
8 10 18
4 8 5
1 3 71
15 19 94
12 14 12
8 12 42
20 23 86
0 4 62
5 9 60
17 22 44
18 21 63
15 17 95
4 6 40
22 1 1
15 18 93
1 3 30
16 22 35
1 4 25
15 18 16
3 5 43
19 23 82
16 19 76
19 21 12
13 15 92
6 8 71
21 0 18
3 6 55
0 5 72
8 10 25
3 5 84
2 7 76
14 17 11
23 3 51
22 2 37
8 13 14
1 3 47
4 7 7
13 17 54
21 1 28
9 13 24
7 10 18
1 3 87
18 20 20
4 5 51
3 4 17
20 23 80
11 11 11
13 16 66
20 22 65
0 5 34
23 2 63
23 1 81
10 14 70
21 23 21
6 9 16
21 1 90
4 7 88
12 16 82
16 20 37
14 18 84
18 21 95
18 21 41
17 21 79
12 15 85
22 3 91
19 22 96
18 21 67
12 14 41
8 10 57
6 8 82
1 4 35
22 23 22
10 14 39
5 10 21
17 21 6
6 7 84
10 12 75
1 4 20
19 23 66
3 4 34
23 1 70
15 19 52
19 23 100
21 1 64
22 1 90
3 8 24
4 7 51
13 17 46
19 21 87
18 22 1
2 5 63
21 2 36
19 21 11
20 22 12
12 16 58
14 17 69
10 13 18
13 15 39
23 1 59
13 15 12
8 11 58
9 12 36
13 16 13
1 4 88
10 13 27
13 15 22
1 4 3
5 8 24
20 0 54
23 1 16
14 17 53
8 11 42
13 17 23
22 23 83
18 20 87
0 4 43
22 0 19
23 3 44
18 20 47
14 18 17
13 15 55
5 10 36
5 8 11
12 16 20
19 21 62
18 20 55
22 3 78
11 15 60
7 10 35
23 2 51
13 15 55
2 6 60
21 0 55
16 19 57
7 11 81
12 15 26
10 13 3
10 13 56
16 20 35
1 5 3
16 20 52
3 6 71
4 7 63
18 20 22
17 19 33
11 12 8
11 11 89
10 14 72
23 2 32
21 23 1
16 20 100
23 1 73
7 10 4
13 17 6
12 14 31
8 11 28
8 11 33
