500 5
1 5 1 5 3 
7 9 2
21 0 2
13 18 3
19 22 2
13 14 5
21 0 5
21 0 2
17 20 2
8 9 2
22 1 1
8 11 4
14 18 3
7 11 5
10 13 4
17 19 1
18 22 5
2 5 5
16 20 5
20 23 2
22 0 5
18 21 2
2 5 1
2 3 5
1 3 5
5 7 1
11 14 2
9 12 3
12 14 4
6 9 2
3 8 2
8 10 1
10 12 2
17 21 4
16 19 5
13 14 2
22 1 2
9 13 2
2 6 1
7 10 3
2 7 3
7 9 3
19 21 1
23 1 5
4 7 1
9 11 4
1 3 5
1 4 1
16 18 5
10 15 4
15 17 4
6 10 1
1 2 3
3 6 2
1 4 2
16 21 3
3 6 1
5 9 4
21 0 5
21 0 4
15 17 1
4 5 3
6 9 2
23 2 5
5 8 1
11 13 1
9 13 1
17 22 3
14 16 1
6 8 5
7 9 3
5 7 1
5 8 2
11 15 2
9 14 5
8 12 5
11 13 5
4 7 3
5 9 2
16 18 4
10 12 3
10 11 5
15 17 1
21 2 2
19 22 1
9 13 2
15 18 1
16 19 4
7 8 3
11 14 1
5 7 3
22 2 4
3 7 3
19 23 3
9 14 4
20 22 2
6 9 3
1 4 5
20 23 2
12 15 2
10 14 2
15 16 2
22 2 2
4 7 4
19 23 5
20 23 1
8 11 4
16 19 4
19 21 4
22 23 3
3 7 3
15 17 3
10 13 3
8 11 4
11 13 1
10 14 2
13 15 3
15 17 3
16 18 1
18 21 5
4 8 5
17 21 5
15 18 3
0 5 5
0 3 1
22 2 5
14 17 5
2 5 3
11 16 1
3 5 3
17 21 4
5 8 1
11 13 3
16 20 4
23 1 5
22 1 2
11 12 1
12 17 3
18 23 2
15 16 5
0 3 2
19 22 4
2 5 4
15 17 4
6 11 4
4 6 1
2 4 2
9 11 5
12 16 3
20 0 5
6 8 4
21 1 1
11 13 2
20 23 4
23 1 1
10 12 5
10 14 2
14 19 3
7 9 4
19 23 4
18 21 2
12 14 4
9 13 2
19 0 1
21 22 4
5 8 4
2 6 3
20 23 4
11 16 1
18 20 5
18 22 1
6 10 4
20 21 2
16 21 3
19 22 5
2 5 4
1 5 2
2 5 4
3 5 1
23 4 5
9 14 2
21 0 3
2 3 2
6 9 2
13 16 4
8 12 2
21 0 4
11 13 3
2 4 4
5 9 4
1 6 4
6 10 5
1 4 1
23 2 1
11 14 3
18 19 2
7 10 5
17 20 4
17 19 5
7 11 2
13 14 2
14 16 2
20 23 5
8 12 2
21 1 2
22 0 3
14 16 3
10 14 3
7 12 3
9 11 5
10 13 2
10 13 2
3 6 4
14 19 4
17 20 3
22 1 4
7 10 1
10 15 5
7 10 4
7 10 3
14 16 5
12 16 4
11 14 1
4 8 5
16 17 3
18 20 5
20 0 2
14 16 4
22 0 5
12 15 1
18 23 1
3 5 3
16 19 2
17 21 3
20 22 1
19 0 5
6 9 2
9 14 3
3 8 5
2 5 3
0 3 4
16 19 2
23 3 5
10 12 5
22 0 5
6 9 2
17 20 1
22 0 5
21 1 1
1 4 5
14 15 1
12 15 3
6 9 1
18 19 5
15 18 4
4 6 1
16 18 2
17 20 5
22 1 5
20 23 2
8 11 2
4 7 2
12 14 2
18 23 3
3 5 5
16 19 5
22 23 5
17 20 5
11 15 2
3 7 2
13 18 2
17 20 5
23 1 1
22 2 3
9 11 3
8 9 3
21 0 5
4 7 3
21 0 5
21 1 5
3 4 5
11 15 2
20 23 4
15 17 1
21 23 5
9 10 4
12 13 3
3 6 4
21 23 4
0 4 5
6 9 5
10 14 1
18 20 3
8 10 3
17 20 2
4 6 1
4 5 1
20 22 2
4 7 1
13 15 4
6 10 5
4 7 2
12 15 5
10 11 5
16 19 4
4 6 1
16 18 5
20 23 4
0 4 2
11 13 5
22 2 2
21 0 1
19 21 1
14 16 4
18 22 2
1 5 1
15 19 1
5 8 1
17 19 3
18 21 5
14 17 2
20 23 3
12 15 5
11 14 1
3 3 3
8 11 5
23 1 3
18 20 1
19 21 4
1 5 2
4 6 1
8 11 3
2 4 4
4 6 4
23 0 5
18 22 5
23 2 2
2 7 3
7 12 3
2 7 2
15 18 5
1 4 2
6 8 3
19 21 1
2 4 4
3 5 5
17 20 2
4 5 2
9 12 1
12 14 3
9 11 5
3 6 5
2 5 3
10 15 2
23 0 4
10 12 2
21 0 5
9 11 2
14 17 3
19 21 4
21 22 3
7 11 1
22 1 3
12 14 4
14 19 5
17 20 4
3 5 1
13 16 5
17 20 4
2 7 3
4 7 4
17 22 1
21 0 4
4 7 5
23 4 4
3 7 5
20 22 4
22 1 3
16 21 5
18 21 2
12 15 2
1 5 2
17 18 1
4 6 5
15 18 4
1 3 3
7 7 4
8 11 4
21 0 2
7 8 5
5 9 2
1 5 2
16 17 3
5 9 2
16 20 3
9 12 5
2 4 4
1 4 2
21 0 1
23 3 3
17 20 4
13 16 2
7 10 2
15 17 3
14 17 2
5 8 3
13 15 5
7 11 4
20 0 1
11 12 1
8 10 1
12 16 2
4 6 3
10 14 3
5 8 3
20 23 2
20 22 5
20 1 1
2 4 5
16 20 3
20 22 3
9 12 3
7 9 5
6 9 3
17 22 1
19 22 2
22 1 4
4 7 5
16 19 5
5 7 3
14 17 3
3 6 3
4 8 3
3 7 5
2 4 3
23 1 2
19 0 3
2 6 5
12 14 3
13 17 1
4 7 4
6 8 3
6 7 5
9 12 4
18 21 5
0 4 5
18 21 5
13 15 3
20 23 3
5 7 4
6 10 4
3 6 5
9 12 1
21 23 1
1 3 3
16 19 1
12 15 2
17 19 3
11 15 1
3 6 2
16 18 5
12 15 1
10 14 1
3 4 3
6 9 2
2 4 2
8 11 2
14 17 2
8 9 1
18 21 3
23 4 3
22 1 1
22 0 3
5 8 1
5 7 3
12 16 1
22 2 1
7 10 5
11 14 5
11 15 2
18 20 2
10 13 3
1 4 2
21 1 2
13 16 4
21 0 1
18 22 3
0 0 4
22 2 4
4 7 5
21 23 3
6 8 5
19 22 5
14 17 3
18 21 5
23 23 3
3 6 1
4 6 5
10 14 4
21 1 3
20 23 4
