1000 10
1 1 10 7 3 3 5 10 6 9 
11 14 8
10 13 8
17 20 4
12 14 10
8 11 7
22 0 5
2 5 2
0 2 6
1 4 1
1 5 1
13 15 7
17 21 5
20 23 6
3 6 7
21 0 9
4 5 4
1 3 5
22 1 3
5 7 7
8 12 3
16 19 8
20 23 5
14 16 6
3 4 2
2 6 6
9 12 2
0 2 8
2 6 9
2 6 8
13 15 7
23 3 5
18 21 3
23 1 6
23 3 8
20 22 3
7 9 6
0 4 6
1 4 6
8 12 2
11 13 1
4 6 1
14 17 2
12 17 2
13 15 3
11 13 2
14 16 1
7 7 4
4 9 9
8 12 8
9 13 10
11 16 3
4 6 6
18 22 6
1 5 6
17 20 9
17 18 1
14 18 10
19 23 8
7 11 2
2 4 1
9 14 9
18 23 10
8 11 3
17 19 3
4 7 4
16 19 5
22 2 4
17 19 2
17 19 7
13 17 1
3 5 3
23 1 8
4 6 1
8 13 1
14 15 10
11 14 5
18 21 1
14 18 1
22 1 8
17 19 7
16 19 9
7 10 4
11 12 2
13 15 8
9 12 5
22 0 5
5 8 7
18 21 2
9 12 5
8 10 8
23 4 8
16 20 9
18 20 8
20 0 6
7 11 8
8 8 9
21 0 2
1 5 8
2 5 9
16 19 6
21 0 2
2 4 5
21 1 4
5 11 9
6 11 5
20 23 6
21 0 7
18 21 4
10 14 10
10 14 8
11 14 10
10 14 8
17 23 8
5 9 6
1 4 7
15 19 7
6 10 6
8 12 6
12 14 7
1 5 10
11 14 7
12 14 9
23 0 2
6 8 4
4 8 7
20 0 7
9 10 10
6 10 7
23 3 7
1 4 7
9 13 9
16 20 5
12 15 9
3 5 3
18 22 1
15 16 2
21 23 3
20 23 7
22 1 9
4 7 3
19 23 4
12 16 7
6 10 7
13 16 10
8 11 3
18 20 10
19 22 2
19 22 9
11 15 2
10 13 9
21 1 5
3 7 2
23 2 10
13 16 2
17 20 4
14 16 2
7 10 1
1 3 1
9 12 2
7 13 1
2 4 9
17 21 1
11 14 3
6 10 2
9 13 2
13 15 2
11 14 9
11 14 5
19 21 6
19 22 2
4 6 4
17 20 8
4 7 3
21 0 3
7 10 2
22 0 8
9 11 4
12 16 2
23 1 10
4 7 3
20 0 2
1 4 1
21 23 4
1 5 2
15 18 8
1 4 7
11 16 5
12 16 4
19 22 7
23 0 3
17 19 8
21 22 3
10 12 6
14 17 2
21 1 10
16 22 3
13 15 5
14 19 8
17 19 5
21 0 5
15 18 8
9 12 2
19 0 7
8 11 4
11 15 9
2 4 9
15 19 5
0 4 3
12 15 2
9 12 9
9 10 7
6 8 9
18 21 6
23 3 7
18 21 4
1 4 8
20 23 8
20 22 8
15 16 3
3 6 6
8 12 8
10 12 5
10 12 10
1 4 3
0 2 4
12 16 3
18 22 7
18 20 8
7 11 3
1 2 9
3 7 5
20 22 1
18 21 3
23 1 1
3 7 3
10 12 6
16 17 9
14 17 5
20 22 4
17 22 8
9 12 10
14 17 4
13 15 3
19 23 5
18 21 2
18 21 2
14 17 2
19 22 10
15 18 7
1 3 1
2 6 2
2 6 5
20 22 8
22 2 6
22 1 4
18 20 2
11 15 9
0 3 3
9 11 8
8 11 6
10 12 1
14 17 4
18 20 4
9 12 5
2 6 6
16 18 2
16 19 3
22 1 3
13 15 5
23 3 3
12 14 2
2 5 4
18 21 3
14 16 1
15 19 1
4 7 6
21 0 4
16 18 7
20 22 4
21 0 1
21 0 7
20 23 9
20 23 7
8 9 9
6 9 5
6 10 7
17 22 1
9 11 10
21 1 8
14 16 1
6 11 1
13 16 9
0 2 1
20 22 4
13 16 7
1 4 7
5 10 5
23 2 3
9 11 6
1 3 3
0 3 7
11 15 3
18 21 6
21 1 4
22 1 3
12 16 8
13 16 10
1 5 9
13 16 2
15 17 8
14 16 5
20 23 9
20 0 2
17 21 7
6 9 5
14 18 3
14 16 8
11 14 8
21 0 1
17 19 1
11 14 1
22 0 8
0 2 1
1 5 1
23 4 7
16 19 10
0 5 9
0 4 6
8 12 1
11 13 4
15 17 3
9 12 10
9 12 9
2 5 9
6 10 7
5 9 1
23 1 4
23 2 5
21 22 2
15 19 1
22 1 8
23 2 1
23 3 6
8 11 9
5 8 8
5 8 6
15 18 6
18 21 7
9 12 6
8 12 6
23 2 10
6 9 10
21 22 7
5 8 5
16 17 3
18 22 7
8 11 5
17 21 5
1 5 8
23 2 1
14 17 6
16 19 1
3 5 3
22 1 5
23 4 9
7 9 7
15 17 8
1 2 2
16 18 5
9 13 8
11 14 4
18 22 5
1 3 1
13 14 9
11 14 7
4 6 1
16 18 5
7 11 4
20 23 4
11 14 10
6 8 7
8 12 3
21 0 1
22 2 1
4 8 10
0 4 4
16 19 2
7 10 10
18 21 3
5 8 3
7 10 8
15 19 2
6 10 8
19 23 3
1 3 4
16 19 9
8 11 1
17 20 9
14 16 5
6 11 5
14 19 6
4 6 4
4 9 3
19 21 5
17 19 8
16 17 1
2 5 10
18 21 8
6 8 7
17 19 4
12 17 9
13 16 5
5 9 7
15 18 10
5 8 5
21 0 4
14 18 7
3 7 2
18 20 4
7 10 9
0 4 9
4 6 7
16 19 7
1 4 7
3 8 7
7 10 7
12 15 9
8 10 10
20 21 9
9 12 6
14 15 8
12 14 9
6 9 2
22 2 2
3 7 10
8 13 9
23 1 4
9 11 2
9 11 10
9 13 9
2 5 8
20 23 9
3 4 2
0 2 1
13 15 6
22 0 9
22 0 5
7 9 4
7 11 4
6 9 7
19 23 8
10 12 4
6 10 2
10 15 8
15 17 7
12 14 5
20 1 7
21 2 6
11 13 6
22 2 8
2 6 5
7 9 4
11 15 7
0 4 2
14 14 4
5 8 6
4 8 4
9 12 2
18 22 5
8 11 1
4 8 3
9 12 6
9 12 7
6 9 3
13 16 4
10 12 7
14 17 1
22 2 1
22 1 10
20 23 9
19 21 6
2 5 8
12 15 8
11 14 2
9 11 2
4 8 10
13 17 10
13 16 2
11 14 1
10 12 7
8 13 5
18 22 7
11 13 6
8 11 1
1 7 9
18 21 8
4 7 4
19 22 10
1 4 4
3 6 6
12 16 9
3 7 10
12 15 10
13 15 2
8 10 5
1 2 9
20 23 8
0 4 5
20 22 8
23 3 1
2 6 1
15 17 7
5 9 3
5 8 5
22 3 2
9 14 8
20 21 7
17 21 4
23 3 7
6 9 10
9 12 6
21 0 2
5 8 7
17 20 9
4 7 7
22 1 5
17 21 8
18 22 4
7 10 5
21 23 6
21 0 3
15 19 9
5 8 9
10 12 6
12 17 10
2 7 2
18 20 3
19 21 1
7 7 4
12 15 9
22 0 6
14 17 5
3 5 2
3 6 9
7 10 3
14 18 8
19 22 7
21 23 7
20 0 3
0 4 1
14 16 9
9 11 9
20 0 3
8 10 8
10 13 4
16 19 2
10 12 10
19 23 4
17 19 1
5 8 6
0 1 7
5 9 7
23 4 6
0 4 6
4 8 6
20 22 1
6 8 6
19 21 7
22 0 5
8 11 5
3 6 4
0 5 4
8 11 2
8 10 4
19 23 2
13 17 9
21 0 9
15 18 10
11 16 8
7 11 9
3 7 5
20 23 2
8 10 10
19 21 9
1 3 3
8 11 4
17 19 1
11 15 9
5 8 2
7 9 10
16 20 9
5 8 4
19 22 5
19 22 6
16 20 8
21 3 2
15 18 8
5 8 9
15 18 1
16 19 5
7 9 4
14 16 6
23 2 8
10 10 10
13 16 9
5 8 9
9 13 4
20 1 2
16 19 5
19 20 1
18 23 8
6 7 5
18 20 10
4 6 2
14 18 8
4 7 1
4 7 7
2 6 3
9 11 9
11 14 5
12 15 7
3 5 2
11 14 8
21 1 9
16 20 7
2 6 8
4 7 10
16 20 1
18 21 5
22 1 9
10 14 6
16 20 2
15 19 1
19 23 1
4 7 7
21 0 6
13 16 10
16 20 2
23 0 7
14 17 1
12 15 1
2 5 10
14 19 10
16 20 1
17 19 3
19 23 8
7 10 4
7 11 2
7 10 10
10 12 10
22 1 6
8 10 8
7 10 2
5 7 6
10 12 5
13 15 8
4 8 3
13 16 10
9 11 3
4 7 6
3 6 2
0 4 6
12 13 6
5 7 7
1 3 7
15 17 10
20 21 3
22 1 8
10 13 5
9 11 1
10 13 8
16 19 6
12 14 5
14 15 6
22 0 9
8 11 9
6 8 1
7 9 4
13 16 7
10 14 7
18 20 8
9 13 10
22 0 2
16 20 4
18 20 7
13 17 7
9 12 2
9 12 1
20 23 2
17 20 8
4 7 6
12 15 5
16 20 1
16 21 3
19 19 6
4 6 6
23 2 5
23 2 10
12 15 1
3 8 6
16 20 10
15 18 1
8 11 9
23 3 7
6 10 6
7 10 5
15 18 1
3 5 6
6 9 1
19 21 5
10 13 4
2 5 1
12 16 5
18 20 4
6 9 4
11 14 5
2 8 1
1 5 7
10 15 6
5 8 9
11 15 1
10 15 7
9 13 1
15 19 6
8 12 9
13 16 6
20 0 9
4 4 3
18 20 9
14 19 3
7 10 2
21 23 10
4 8 8
5 7 5
17 20 7
13 15 5
21 1 2
6 11 6
5 7 10
8 11 9
12 14 7
1 3 2
10 13 9
23 2 6
13 16 9
21 0 10
22 0 10
19 22 7
4 6 1
4 7 2
6 9 1
5 8 2
20 23 8
5 9 3
23 3 5
5 8 5
1 3 5
1 4 3
20 21 6
14 18 8
7 12 6
14 17 10
4 6 4
15 19 2
1 3 4
2 6 7
17 20 4
14 17 3
18 20 10
4 8 1
3 5 5
14 15 4
1 4 3
22 1 1
20 20 6
1 3 6
17 21 3
4 6 6
9 12 1
3 7 10
19 20 4
14 18 3
21 2 6
1 6 3
18 21 2
19 0 7
7 10 9
21 0 9
8 12 3
12 15 2
22 2 9
11 14 3
12 15 10
0 4 8
10 13 1
16 19 4
0 3 9
23 1 5
23 2 6
17 19 9
13 15 4
13 14 8
5 7 5
7 7 2
20 23 3
10 11 8
20 0 7
18 20 7
19 22 9
1 4 2
14 16 8
22 0 5
8 12 4
20 23 2
9 12 10
6 9 8
8 12 10
3 7 9
18 20 3
15 19 1
1 3 2
0 2 5
15 17 8
12 15 1
9 12 9
21 1 2
20 23 9
21 1 10
13 17 3
4 5 1
14 15 8
18 20 4
14 17 5
13 15 3
0 3 10
16 20 10
21 23 8
12 16 5
10 15 6
0 2 5
3 5 1
6 10 3
4 8 7
0 4 8
23 3 9
16 19 3
12 14 10
3 4 5
22 2 4
23 1 1
19 22 1
9 11 7
12 14 4
0 3 5
2 3 5
7 10 3
12 15 1
22 1 6
3 6 3
16 21 9
10 11 2
21 1 6
16 19 4
22 0 3
13 16 3
13 16 5
16 19 10
19 22 10
14 17 8
3 7 4
22 0 5
0 4 9
9 13 2
11 16 6
5 9 2
13 18 6
13 17 4
19 21 2
14 16 2
17 19 9
11 13 3
11 13 5
22 0 2
12 13 2
17 20 5
0 4 7
8 11 8
22 1 6
21 1 5
12 16 7
14 18 8
1 4 10
21 0 8
3 5 8
3 7 5
21 1 9
16 19 8
5 9 9
10 13 7
9 13 8
7 11 5
2 4 5
5 9 3
11 14 5
5 8 7
3 5 8
1 5 7
13 16 9
9 13 2
22 1 5
17 20 10
20 23 7
3 8 6
10 14 2
12 16 6
19 21 2
13 16 4
12 15 9
1 5 8
9 13 9
22 0 6
10 15 1
2 4 1
10 14 10
5 10 9
18 21 2
13 16 4
20 0 6
18 20 2
17 21 9
12 16 6
15 16 3
0 2 10
11 13 2
14 17 2
14 17 9
11 14 3
7 11 1
13 16 2
5 8 9
0 4 9
17 20 2
9 11 1
14 16 3
4 6 1
21 0 5
7 9 4
15 17 5
23 4 6
8 10 7
3 5 3
23 3 7
0 3 9
19 0 1
9 14 10
13 17 5
16 18 9
10 13 8
9 11 6
14 17 10
0 6 8
9 12 8
11 13 9
6 10 10
15 18 10
9 11 4
14 17 3
1 6 3
22 1 3
11 15 2
6 10 8
15 16 5
11 12 2
11 13 1
11 13 4
1 5 4
21 2 3
4 6 5
13 15 1
3 5 9
23 4 4
13 16 6
14 17 3
21 1 6
12 15 6
20 22 5
19 22 6
7 9 10
12 13 7
22 0 8
9 12 7
16 18 1
11 14 10
2 6 10
0 4 3
15 19 7
20 23 7
6 8 6
16 18 6
4 7 2
