10000 50
14 15 43 42 20 46 21 50 30 38 33 5 2 1 4 31 18 32 7 42 45 3 9 37 38 35 36 22 45 14 28 4 15 4 40 5 50 23 31 44 13 33 35 20 1 24 48 43 14 10 
16 19 15
6 10 32
2 5 38
3 5 8
17 20 14
14 18 23
22 1 10
7 11 9
3 6 7
22 0 7
5 6 10
9 12 46
19 21 47
11 14 1
21 23 12
0 3 47
2 6 43
23 2 25
20 1 30
10 14 24
18 21 3
10 13 12
19 21 22
4 8 37
8 13 48
12 15 46
5 8 38
14 15 42
22 1 14
1 5 2
10 11 1
1 3 6
0 3 24
7 10 14
2 6 27
3 6 40
6 9 21
7 9 31
12 14 42
11 14 29
8 12 36
12 15 29
9 13 38
6 9 25
18 21 44
11 14 21
6 8 34
5 7 33
22 0 46
11 13 33
4 7 4
0 2 38
9 13 9
19 22 42
5 7 30
18 21 29
18 22 34
8 11 44
22 1 39
22 1 14
21 1 40
1 4 35
16 19 29
2 5 40
14 17 2
4 7 44
23 3 50
20 21 32
2 5 49
18 20 25
13 17 49
21 0 23
15 18 48
23 2 10
17 19 39
1 5 35
4 7 31
11 15 1
22 1 9
17 20 5
22 0 38
18 20 45
23 2 2
10 11 45
14 17 45
23 3 31
22 21 40
10 13 6
22 2 24
7 9 2
3 6 16
0 4 33
16 19 13
19 23 33
17 19 39
6 8 4
23 2 33
0 3 10
4 6 26
10 14 32
22 23 14
4 8 4
14 17 28
10 12 14
16 18 23
17 20 20
11 14 44
20 21 20
15 20 23
2 3 28
19 21 14
20 23 48
4 7 32
7 10 21
16 18 17
21 23 17
4 7 10
12 15 22
12 14 30
10 13 39
23 1 49
21 0 39
13 18 14
18 20 42
19 21 10
17 20 47
13 17 8
16 19 47
21 23 32
8 12 45
11 14 28
7 11 29
16 20 13
16 17 14
8 12 36
19 23 50
19 23 37
21 1 12
13 16 25
15 18 1
8 12 1
5 7 2
4 6 29
18 20 8
6 9 48
16 19 14
8 14 8
20 0 11
4 8 40
1 5 11
21 0 50
10 12 2
0 2 48
15 19 3
12 13 25
5 8 24
3 5 37
23 3 23
2 5 48
4 5 45
20 0 15
4 7 21
19 22 42
2 5 48
17 19 26
9 11 18
7 9 33
19 22 23
21 23 28
8 9 7
16 20 41
10 13 4
17 20 7
1 5 12
9 13 35
14 15 18
7 12 43
15 17 13
18 21 43
13 17 1
9 11 29
22 1 46
9 11 17
20 23 11
10 13 18
0 4 25
3 6 44
11 14 8
9 10 18
17 19 40
7 9 15
0 4 17
10 14 48
19 23 14
9 11 37
0 3 30
2 5 20
9 12 31
23 1 31
2 5 39
23 1 44
8 11 25
7 9 9
18 21 25
23 2 48
11 15 14
11 14 41
7 10 31
21 23 18
4 9 13
23 2 3
21 0 32
7 9 22
19 22 49
16 19 26
17 19 18
10 14 20
13 15 24
0 3 28
4 8 19
6 8 32
19 21 11
1 2 40
16 20 26
15 19 18
4 7 48
7 8 10
11 13 6
19 22 39
19 23 27
19 0 15
18 22 10
5 9 22
0 2 49
19 22 24
1 3 42
5 8 13
20 0 9
6 11 39
10 12 22
14 16 8
9 12 31
15 19 19
1 5 41
2 4 12
10 13 26
16 19 47
1 4 6
17 19 20
21 0 39
0 4 35
9 10 28
21 23 30
10 15 39
7 11 11
20 23 17
11 14 44
5 8 11
10 13 12
11 13 8
1 3 2
15 17 16
3 5 28
7 11 7
3 7 41
8 12 44
20 0 20
9 14 40
7 9 2
16 18 24
5 11 49
19 21 36
18 22 39
19 22 4
21 1 4
6 7 44
17 19 37
0 4 22
0 3 42
5 9 21
17 20 17
1 5 49
20 0 44
11 14 39
22 0 20
12 15 22
15 15 5
14 18 23
14 18 14
7 11 41
2 5 35
2 3 46
12 17 10
15 17 40
7 11 46
13 15 47
9 13 45
10 13 21
19 23 35
11 13 35
20 23 3
2 4 23
9 12 27
3 4 14
22 1 22
4 6 37
20 22 29
20 22 42
9 10 20
6 8 10
19 23 31
5 8 29
5 8 46
21 1 9
12 16 25
14 17 3
1 4 27
0 2 26
2 6 1
13 16 1
11 12 32
3 5 19
22 2 8
19 22 50
17 20 2
2 4 13
15 16 19
20 21 37
21 0 19
1 3 28
14 16 38
4 7 20
4 7 21
22 0 21
1 4 17
12 16 37
13 17 32
8 11 13
1 4 33
15 18 21
11 12 8
14 16 49
1 5 10
6 9 4
13 16 19
12 14 13
19 23 21
10 14 30
7 10 29
9 10 34
5 8 1
8 13 22
20 23 14
10 12 26
3 6 21
4 7 27
17 20 5
9 11 46
1 2 33
3 5 22
15 18 29
9 12 42
7 9 4
10 13 36
22 1 38
11 13 40
13 16 46
23 2 23
5 8 40
16 19 43
11 13 31
23 2 32
2 5 2
14 17 13
7 10 38
3 6 17
19 22 36
10 14 4
14 15 19
11 13 11
4 8 12
21 22 41
13 17 38
11 13 9
1 3 46
10 11 30
18 23 3
13 16 29
9 11 47
16 18 8
10 12 49
0 4 41
21 1 8
11 14 16
6 9 22
8 10 45
11 15 29
11 14 2
0 4 1
19 22 23
10 12 9
15 19 33
4 8 42
11 15 45
13 17 46
10 12 14
23 2 32
9 12 44
14 19 28
22 4 5
11 14 22
9 11 11
3 7 45
22 0 33
8 12 12
22 1 31
13 15 46
19 23 38
20 22 32
6 8 5
15 17 34
23 2 19
11 13 24
5 8 24
9 14 8
15 18 17
14 17 14
1 5 50
18 21 19
16 21 31
14 17 10
15 17 10
8 11 47
1 3 46
0 4 27
0 4 4
11 15 22
20 23 36
12 16 44
13 14 24
15 19 31
20 0 50
23 3 36
2 5 40
13 16 8
4 6 24
17 19 16
19 22 8
20 22 27
23 1 38
2 4 12
9 13 31
19 21 1
17 20 39
10 13 12
18 20 14
8 10 42
1 4 8
0 4 5
17 20 6
10 11 26
16 18 16
7 9 36
8 10 1
22 1 33
8 10 48
0 2 6
8 9 13
9 13 20
4 7 38
23 3 20
17 21 42
12 15 18
10 12 6
8 9 23
10 12 40
8 11 34
4 7 19
22 1 15
21 23 15
22 0 35
17 19 10
20 20 19
8 11 19
13 16 25
20 23 47
14 17 7
8 12 27
22 3 23
6 9 27
9 12 40
3 7 9
21 2 26
0 3 18
5 7 43
22 1 8
0 3 5
20 22 34
3 5 13
23 2 18
7 11 26
5 9 15
20 0 45
12 16 46
13 17 7
22 1 26
15 19 10
16 19 41
14 17 34
6 10 50
11 16 32
4 10 5
13 15 34
21 0 47
11 13 13
3 5 44
3 7 20
0 5 48
2 4 48
19 22 13
0 2 33
1 3 36
21 0 33
12 16 12
10 14 3
13 15 34
13 15 48
14 18 39
11 14 40
18 21 5
13 17 16
17 21 45
13 17 40
22 1 47
18 22 17
20 23 17
22 3 4
18 22 33
5 10 46
0 4 14
7 10 25
1 4 46
16 18 42
19 23 16
3 6 44
22 1 27
19 23 45
13 16 36
10 13 22
21 2 50
22 1 18
13 15 37
21 0 10
1 4 48
9 11 23
17 19 2
11 12 13
5 9 2
3 6 7
3 7 38
2 6 11
13 17 20
5 8 36
21 1 47
7 10 25
15 19 20
9 13 3
12 16 46
20 22 38
2 5 41
4 7 21
8 11 4
13 16 18
20 0 5
2 6 17
10 11 1
17 19 6
1 4 5
2 7 35
4 7 21
10 15 45
4 5 28
17 20 22
3 7 22
17 21 3
10 13 6
22 2 40
17 19 14
19 22 45
11 13 31
23 2 49
6 6 6
16 18 34
10 12 49
1 4 4
4 7 19
18 21 38
14 15 15
3 6 27
17 19 48
18 22 34
20 0 50
21 0 9
9 13 35
3 5 15
13 14 12
20 23 35
21 0 46
19 22 50
19 23 40
20 22 20
14 18 26
3 7 42
20 23 22
2 6 24
18 20 45
15 19 33
1 4 42
1 3 21
7 9 21
6 10 2
3 7 21
7 11 37
10 13 32
22 1 32
0 3 9
20 0 48
6 9 18
0 4 32
3 4 29
8 10 32
2 6 43
23 4 23
18 21 36
0 4 19
17 19 13
3 5 48
4 5 37
11 14 38
4 5 11
20 23 30
19 21 45
9 12 20
17 19 38
21 23 37
23 3 17
3 6 14
8 12 2
15 19 34
21 22 42
6 10 14
19 22 14
14 18 20
15 18 22
21 0 11
6 10 34
4 6 26
11 14 19
3 5 41
11 14 14
23 3 37
1 4 27
9 11 19
2 5 29
2 5 46
10 14 49
20 0 47
8 10 47
2 6 46
23 2 27
19 20 14
0 1 49
8 10 27
12 15 50
20 23 30
5 9 8
9 10 4
11 14 34
18 23 40
9 11 33
20 22 36
4 5 24
21 0 38
17 20 4
23 1 12
20 22 34
0 4 34
7 10 37
13 16 50
18 20 29
14 17 37
14 18 47
18 20 1
10 13 24
2 6 33
22 1 11
13 18 32
12 14 17
8 11 21
6 10 9
19 21 30
1 2 23
13 16 47
8 13 20
5 9 38
7 12 5
18 21 9
18 21 15
12 15 34
8 11 5
4 7 49
16 20 24
1 3 36
9 11 17
7 11 29
11 13 15
0 2 45
16 20 17
20 23 5
14 17 8
7 10 10
19 21 1
18 21 42
21 23 37
23 23 41
13 18 7
6 8 49
4 7 3
17 19 13
2 5 41
23 2 8
21 1 43
21 2 2
22 1 16
4 7 2
9 11 20
12 16 26
11 13 42
11 13 13
1 3 22
22 2 20
12 14 43
17 19 21
10 13 3
0 2 20
0 3 17
22 0 9
2 4 12
7 12 24
22 1 47
4 5 25
10 14 2
7 10 15
1 4 28
22 1 3
6 11 45
1 5 15
22 0 43
11 15 41
18 23 3
3 8 50
19 20 44
23 2 20
3 7 43
1 5 32
2 7 19
17 21 14
21 1 12
16 19 21
11 14 10
22 2 28
18 20 38
3 6 12
14 17 17
8 11 14
20 22 17
2 4 15
12 17 48
15 19 24
20 0 23
14 18 44
5 8 8
20 23 13
20 0 43
5 9 38
5 7 11
17 20 2
0 3 24
1 5 22
4 5 30
2 4 19
20 23 10
13 17 33
14 17 5
22 1 33
22 1 47
20 23 18
7 10 29
1 3 38
4 7 35
3 4 4
11 13 49
10 11 46
7 10 12
16 18 39
15 18 34
2 5 4
2 6 7
10 13 24
6 11 32
17 19 7
21 1 4
0 5 27
15 19 2
7 9 28
18 21 11
4 6 7
14 18 19
8 10 18
4 8 17
11 14 23
21 0 3
9 12 47
19 22 18
10 14 17
16 17 28
22 1 8
6 9 44
18 22 18
1 5 25
8 10 23
18 22 38
14 16 16
23 1 17
21 0 45
6 9 33
23 2 47
4 6 7
7 9 16
16 20 21
22 0 26
5 8 50
17 20 33
4 6 23
0 3 14
13 17 44
19 22 33
3 7 6
22 1 43
15 18 19
15 18 44
7 10 23
10 14 13
19 23 40
11 16 23
9 12 44
18 22 40
21 23 30
13 15 37
2 5 44
19 21 7
16 19 14
13 15 10
20 0 20
4 8 12
3 6 7
7 10 10
8 10 23
2 4 15
10 11 41
23 2 47
9 12 17
18 22 24
7 10 46
4 7 50
6 10 5
11 14 22
14 17 12
20 22 33
17 20 40
5 9 30
12 16 34
22 1 8
16 19 8
1 3 17
23 1 33
22 2 21
17 22 14
17 20 6
7 9 5
15 17 22
14 18 27
6 10 28
21 1 16
4 6 19
20 23 8
9 11 22
12 16 27
1 4 1
23 1 32
14 16 31
20 22 49
8 12 28
12 16 22
12 14 48
19 0 42
16 18 18
7 10 14
13 16 23
21 0 30
6 9 25
7 10 38
6 9 7
23 1 25
6 8 28
6 10 49
1 4 4
17 21 45
3 6 16
19 22 44
14 15 24
13 18 50
3 7 17
11 14 13
12 17 6
21 23 22
3 7 25
16 20 23
15 18 35
23 3 29
0 4 4
19 22 8
14 18 22
2 5 49
6 11 36
1 5 50
13 15 3
11 14 7
9 12 24
5 9 28
17 20 10
17 18 11
8 11 40
8 11 10
14 18 46
1 7 18
12 17 25
5 8 32
5 9 45
3 6 34
2 5 7
7 10 40
6 9 14
19 0 9
0 2 45
17 19 6
17 21 47
1 3 9
18 20 49
22 0 12
5 6 37
5 8 41
0 2 28
6 8 31
20 21 17
5 8 13
20 0 26
19 22 43
17 20 37
23 0 26
1 4 23
10 13 47
22 0 5
9 11 14
16 18 13
12 16 26
4 7 12
21 1 19
1 4 45
21 0 48
16 19 34
11 13 50
1 4 5
6 7 12
13 16 19
13 17 48
14 18 16
16 20 34
13 17 39
8 12 35
16 20 16
1 4 6
16 19 45
3 7 25
22 2 37
1 4 28
10 13 20
21 0 43
3 8 1
17 20 2
13 18 32
21 0 29
8 11 36
15 19 12
2 6 43
3 5 28
12 14 44
3 6 48
21 0 32
11 16 39
10 12 45
10 13 33
16 21 13
2 5 38
14 18 14
13 16 27
6 9 23
15 17 19
3 6 16
10 12 48
6 8 36
17 19 24
19 23 19
6 8 36
16 18 46
5 7 22
15 17 7
16 18 3
8 13 29
20 0 46
3 4 41
1 4 29
19 21 41
10 13 47
11 12 26
21 23 9
6 9 20
17 21 36
6 10 48
22 2 29
1 5 14
9 13 15
12 14 37
18 21 21
13 16 21
4 7 13
10 14 46
16 19 20
1 5 30
21 0 48
5 9 15
4 8 45
13 15 17
4 6 26
8 9 44
15 17 24
14 17 23
14 18 35
19 22 6
21 22 36
2 3 28
22 0 29
6 9 26
14 17 27
8 10 30
15 18 39
10 13 18
17 21 9
3 4 23
15 18 23
10 12 40
23 2 21
1 2 28
20 23 30
15 20 22
4 7 23
13 16 9
20 23 9
2 5 33
1 6 34
0 2 3
18 20 13
4 7 10
15 17 40
22 1 10
5 9 29
21 22 7
17 20 19
3 7 6
2 4 6
11 13 35
8 10 48
9 14 12
8 11 14
6 8 13
3 6 37
9 13 8
17 21 36
5 7 20
6 8 5
0 3 23
9 11 29
1 2 24
14 16 5
20 23 21
5 8 7
15 19 20
9 11 40
20 23 4
23 2 24
4 7 40
4 7 33
19 21 20
8 11 17
21 0 14
18 23 2
2 5 5
19 22 16
20 23 20
9 12 46
18 0 23
8 11 12
15 18 5
16 18 22
10 10 8
3 6 11
10 13 46
16 20 45
19 20 45
13 17 19
16 20 20
13 14 15
20 23 31
21 0 2
9 13 3
14 16 18
18 20 40
6 7 19
9 14 43
19 22 5
23 1 18
8 11 12
22 2 40
23 2 11
18 21 36
11 15 42
19 21 3
9 10 29
1 4 38
11 15 3
10 12 17
12 15 19
11 12 19
14 16 46
10 13 26
7 9 33
5 9 36
17 19 38
6 9 4
21 1 30
3 7 40
6 10 5
17 18 34
1 2 48
7 11 3
7 10 44
18 23 11
22 0 4
1 3 1
8 12 4
2 6 16
22 2 45
15 16 36
8 12 45
9 11 3
20 22 9
2 6 21
21 1 5
2 6 46
23 2 26
5 10 27
9 12 14
15 19 10
13 15 8
13 16 44
6 10 4
15 18 12
6 9 49
1 4 32
17 19 30
14 18 43
8 11 11
5 9 42
8 11 13
22 2 37
18 22 40
22 1 36
0 5 18
9 11 46
4 7 3
17 19 41
11 14 20
13 16 18
23 2 15
6 7 10
23 1 16
17 19 43
10 13 29
13 18 13
22 23 27
10 14 44
14 17 37
21 1 1
8 10 23
22 0 33
0 2 28
12 15 22
21 2 50
7 11 34
9 12 5
1 4 36
19 22 35
7 9 10
9 11 17
12 14 38
15 19 33
13 17 1
11 14 42
11 15 10
1 4 45
0 2 46
22 0 39
9 12 8
9 12 16
12 15 39
21 0 7
14 17 42
10 12 18
1 5 42
8 12 46
1 3 13
23 1 3
9 12 19
3 5 37
18 21 17
23 2 2
13 17 26
12 13 12
12 14 12
0 3 2
16 19 31
21 0 13
12 15 12
0 2 49
14 17 47
6 10 2
20 0 23
21 1 26
3 5 50
9 11 31
7 10 48
22 1 25
13 16 37
8 9 22
19 22 48
7 10 39
23 1 6
10 14 40
11 13 44
13 16 1
16 19 50
9 12 28
10 12 29
4 8 48
1 4 43
23 3 28
2 4 31
23 1 32
22 2 25
2 5 29
4 7 20
14 18 46
4 9 29
19 21 16
21 23 42
17 18 29
4 8 50
13 16 13
10 13 47
13 17 15
13 15 10
16 20 8
22 1 8
17 19 42
14 18 36
21 1 12
21 23 49
7 9 39
2 5 25
19 21 38
5 9 24
22 1 43
18 22 15
9 11 40
12 15 7
13 16 26
13 16 46
13 16 16
7 11 5
4 9 43
4 6 50
18 22 24
21 0 39
10 12 23
19 22 5
10 12 50
12 15 2
17 19 39
4 8 42
20 0 43
11 14 30
20 22 48
6 10 12
23 2 25
19 23 25
5 8 48
20 23 23
17 20 21
14 15 3
19 21 23
7 11 48
7 11 30
0 5 17
0 4 32
1 6 38
13 18 31
11 13 5
5 7 45
20 0 45
7 9 39
0 2 3
6 9 1
15 18 29
13 15 12
22 1 14
18 21 6
22 1 16
14 17 25
12 15 18
18 22 37
20 21 13
8 10 42
5 7 49
1 4 17
13 16 43
7 11 17
1 4 42
10 14 28
12 16 22
1 4 47
6 9 22
18 20 23
10 13 21
3 5 20
7 10 47
0 2 46
11 14 22
16 18 32
7 11 9
0 3 44
17 19 36
5 9 2
8 9 40
11 15 4
8 11 46
1 4 25
13 15 30
11 15 31
16 17 23
20 22 17
8 12 3
3 6 13
13 16 34
16 20 11
1 1 27
9 11 33
3 6 12
7 10 17
21 23 38
8 11 46
15 18 19
20 23 25
15 18 24
14 17 47
4 7 27
15 18 24
5 8 45
9 12 25
11 13 27
18 21 37
13 17 18
11 15 2
22 2 22
10 13 39
15 19 31
15 17 19
6 10 15
11 14 2
19 20 15
22 23 29
4 8 26
16 19 40
8 11 40
11 15 12
1 5 27
17 19 1
5 10 2
16 18 15
10 13 24
5 10 20
14 19 9
15 18 9
5 10 49
11 13 40
17 22 28
10 13 33
11 14 36
20 23 2
5 8 25
5 7 6
14 17 9
10 12 26
15 18 12
1 4 42
12 15 7
0 3 45
9 13 47
10 13 11
21 22 47
2 5 50
20 22 33
14 17 13
1 5 16
17 22 28
23 2 14
12 16 33
23 3 25
15 17 20
8 11 29
10 13 15
12 15 48
21 23 19
9 13 12
6 10 38
14 17 3
19 23 50
1 2 28
0 2 38
22 2 36
9 12 45
7 11 43
17 20 7
19 21 8
15 17 37
9 14 9
7 10 30
16 18 28
6 9 24
15 17 32
16 17 17
13 14 35
13 19 34
14 17 41
23 1 42
18 22 50
1 4 2
4 6 22
9 11 21
8 12 20
12 15 7
20 22 49
12 14 16
11 16 38
6 9 46
1 4 47
21 0 38
20 0 41
14 18 47
0 2 8
17 19 36
11 13 44
9 13 26
6 10 41
19 21 20
22 1 37
7 10 18
6 9 35
11 14 12
11 16 34
12 16 17
4 6 47
11 16 5
2 5 49
16 18 28
9 12 50
22 1 36
17 19 25
10 13 4
5 8 46
6 8 21
12 14 1
10 11 20
7 9 7
12 14 3
4 7 46
23 3 32
9 12 8
7 11 49
5 8 47
10 13 6
22 1 32
14 16 36
20 23 44
19 22 36
20 22 47
1 2 25
20 22 28
12 12 21
21 1 50
0 3 20
1 4 17
6 9 18
10 12 38
10 13 11
16 19 40
18 20 27
0 3 49
4 6 43
16 19 25
9 11 10
7 12 6
12 16 16
23 1 9
17 22 10
5 8 14
23 2 7
14 16 30
9 12 44
12 15 39
12 15 36
15 18 7
16 20 4
15 19 12
18 22 21
1 4 16
8 10 44
9 12 38
6 8 17
21 1 29
12 15 44
8 10 44
16 18 17
20 1 49
14 19 2
6 9 30
18 23 46
18 21 40
7 10 48
19 20 2
13 15 22
5 8 12
3 6 18
1 3 2
14 17 10
21 23 39
8 11 20
21 0 36
18 20 11
22 0 26
11 14 42
4 8 34
9 12 8
13 15 26
0 3 36
14 16 27
13 17 28
19 0 45
15 18 15
21 0 28
6 10 41
19 20 5
21 0 42
20 23 13
20 0 31
16 18 23
16 19 42
10 12 20
14 17 25
23 2 1
15 19 16
19 21 47
6 10 17
12 15 44
12 15 42
10 14 17
15 18 7
16 18 32
17 21 26
3 5 5
6 9 17
3 6 5
8 12 32
14 17 5
21 2 45
4 5 45
3 8 43
23 1 48
0 3 47
3 6 7
3 6 16
20 23 38
22 2 43
0 4 4
3 7 50
18 21 24
14 15 11
4 4 26
20 1 34
15 18 43
15 19 11
23 3 1
4 7 12
12 14 13
3 7 21
0 3 45
1 2 16
4 8 7
7 10 8
19 22 34
3 6 8
11 15 36
18 21 30
10 14 3
21 1 38
4 7 38
14 17 45
18 21 19
7 11 33
0 4 1
13 16 45
12 15 30
13 17 25
12 14 13
17 20 14
18 21 7
22 4 24
7 10 3
6 9 24
20 0 27
23 2 20
11 15 49
18 19 39
3 7 19
6 9 49
22 0 15
23 1 22
7 10 1
11 13 50
7 10 7
1 5 42
20 23 7
19 0 33
16 20 7
17 21 50
1 4 4
23 4 12
11 14 30
5 7 36
23 2 36
20 23 43
15 17 43
23 2 25
23 2 26
5 8 5
23 0 40
20 23 6
19 23 3
4 7 5
22 1 4
12 14 9
10 13 46
13 16 27
8 8 46
19 22 8
17 19 23
18 21 27
22 0 22
13 16 48
22 2 42
10 13 6
6 8 27
23 0 1
7 9 21
3 7 27
19 23 11
14 17 43
4 7 43
16 20 27
22 1 35
4 6 42
22 0 50
5 7 4
8 14 42
14 16 11
10 12 27
23 3 37
18 21 44
19 23 31
4 8 50
1 5 30
2 3 40
22 2 17
23 0 45
13 18 42
5 7 18
11 14 27
3 6 40
1 5 15
6 10 30
20 23 18
8 12 14
21 1 15
22 2 20
10 13 42
6 10 32
19 23 42
4 7 45
18 23 9
23 0 22
17 21 4
13 15 34
19 22 26
13 16 8
5 8 13
2 5 46
6 9 10
18 20 12
5 8 10
19 23 31
12 14 12
12 15 32
21 1 13
22 23 21
1 6 28
6 9 25
4 7 43
15 17 1
13 17 24
3 8 47
8 12 2
12 15 43
21 0 30
13 16 19
7 10 45
13 16 35
22 0 31
3 6 9
16 19 39
20 0 29
7 9 8
23 3 32
14 16 10
13 16 43
20 0 28
9 9 3
0 2 36
1 3 10
7 10 13
5 7 49
10 13 8
4 7 35
14 17 38
19 22 43
17 20 43
11 14 49
5 8 46
8 9 40
8 11 11
21 1 16
0 4 11
8 9 12
10 14 9
13 18 47
12 15 5
1 4 41
21 0 31
17 20 43
15 17 25
18 21 43
7 9 47
16 17 7
18 19 24
18 22 36
7 11 18
23 2 40
16 18 20
0 3 45
13 18 50
2 4 7
17 19 50
6 11 9
22 0 44
4 7 44
23 3 7
10 14 30
16 19 32
6 10 22
17 20 50
0 2 4
18 19 43
11 14 5
9 12 45
16 19 28
15 18 36
3 6 31
7 9 46
7 10 41
16 20 41
1 3 6
20 23 25
22 1 17
18 20 17
11 13 13
21 0 40
7 10 33
15 19 2
17 20 24
21 1 17
20 23 18
4 7 15
4 8 17
7 10 6
15 17 30
5 8 29
11 13 38
12 14 44
11 15 31
13 17 29
9 12 34
21 1 50
0 5 41
19 22 48
22 2 33
1 3 14
18 20 25
23 2 45
6 9 34
17 21 5
1 5 29
11 13 17
13 17 38
14 17 21
8 11 1
18 21 14
20 1 12
17 18 6
6 8 31
0 4 3
11 14 32
16 20 46
6 10 10
23 2 25
3 8 20
0 5 3
17 19 42
18 22 10
3 7 34
6 10 26
19 21 39
15 17 46
3 8 24
19 22 47
13 16 8
0 3 25
0 3 33
17 19 14
1 6 32
3 5 6
23 2 6
21 1 50
9 12 48
8 10 21
0 3 10
11 14 48
16 19 42
4 7 26
4 7 41
4 6 9
8 10 2
8 14 50
19 22 46
2 5 1
16 18 10
16 19 50
18 21 12
8 11 31
18 20 8
7 10 8
1 3 34
20 1 34
1 6 14
22 2 13
10 14 46
9 12 39
16 19 36
11 14 35
11 15 44
18 21 8
21 1 44
5 8 28
22 3 43
23 2 30
14 18 27
2 5 8
1 5 34
7 10 31
3 6 38
6 9 43
17 20 23
12 15 20
2 7 27
19 22 43
1 4 40
16 19 3
6 10 45
3 5 35
0 4 18
15 17 40
14 17 37
2 4 21
3 5 41
10 13 26
23 2 46
4 7 48
18 21 22
21 23 14
1 2 43
10 12 34
8 11 13
5 8 9
15 16 31
10 11 43
23 2 31
16 19 46
20 0 32
10 13 5
21 23 2
16 20 4
23 2 19
0 2 49
16 17 22
22 0 16
16 19 22
4 7 17
12 15 41
10 14 14
12 16 43
7 10 25
10 12 20
7 12 40
3 5 24
16 18 15
3 7 20
3 6 19
10 12 45
1 6 18
14 17 18
8 11 26
4 7 46
0 2 31
14 19 4
10 14 46
5 7 25
21 1 39
0 2 49
20 23 20
22 1 48
16 19 33
5 8 18
18 21 21
0 3 28
0 3 38
17 21 22
10 13 2
9 11 1
4 6 8
14 17 45
5 6 2
2 5 17
3 5 35
11 13 20
21 0 34
5 11 26
8 10 38
20 0 1
8 11 24
3 6 14
7 9 15
6 9 44
14 16 9
8 11 11
16 20 34
8 10 29
6 8 47
21 1 2
7 9 28
15 18 14
1 5 20
19 22 27
6 9 24
20 23 48
18 21 7
16 18 20
20 22 29
2 5 17
9 11 18
19 23 44
17 20 6
17 19 4
5 8 33
5 7 43
7 11 25
11 16 14
23 4 1
13 15 6
14 17 36
19 22 2
20 22 28
4 7 1
3 5 32
18 21 30
21 3 49
4 6 50
22 1 4
11 13 44
17 22 47
11 15 3
15 18 31
12 14 38
6 8 23
20 0 14
1 5 37
14 16 35
0 3 44
3 6 34
21 1 35
23 3 32
15 18 36
5 8 34
3 7 15
12 15 22
23 1 46
21 1 11
2 6 1
11 14 22
11 14 29
14 17 21
22 2 42
16 17 10
22 2 41
13 16 7
12 15 47
9 11 45
9 11 15
10 15 45
21 23 35
14 18 46
11 15 1
1 3 28
4 7 2
10 12 8
14 17 11
1 3 36
3 5 5
11 16 17
12 15 46
23 2 6
2 5 39
5 9 39
18 21 49
22 1 19
17 20 49
23 2 31
20 23 26
5 8 17
7 8 39
8 10 28
23 3 24
1 4 20
11 14 10
14 18 48
4 8 20
12 16 29
6 8 30
15 20 43
1 4 46
23 2 38
7 9 26
15 19 45
5 8 34
8 9 8
16 20 16
20 21 24
6 8 29
1 4 29
17 20 43
20 23 6
13 19 30
22 1 21
7 10 4
11 15 15
18 21 42
13 15 2
12 15 28
17 21 7
0 2 20
7 8 29
0 4 30
9 12 42
8 12 38
11 13 8
8 11 40
0 5 7
17 19 29
17 21 36
3 6 26
9 11 12
10 13 34
7 10 38
3 6 29
19 22 17
0 5 45
20 21 29
2 4 1
15 18 39
16 20 23
18 22 19
21 23 9
21 2 40
8 11 12
18 20 1
8 11 38
5 8 31
0 6 2
3 6 36
1 4 35
4 7 14
13 13 5
8 13 49
5 6 30
4 8 24
3 4 24
5 8 25
3 6 44
14 17 19
11 12 7
2 4 1
9 12 31
17 20 23
6 10 27
15 19 21
20 22 24
5 10 27
18 23 4
23 2 37
18 20 12
22 2 4
11 16 37
13 15 12
12 15 48
0 2 42
1 4 34
10 10 25
18 21 10
0 2 9
19 22 13
18 21 38
9 12 11
14 17 33
2 7 4
16 21 35
2 5 41
20 22 25
3 7 28
8 10 44
2 5 46
20 22 49
13 16 4
7 10 7
9 12 20
15 19 2
18 21 33
4 8 4
10 12 5
2 5 2
11 15 7
18 20 50
15 17 42
21 1 36
14 17 24
3 6 11
7 10 50
1 3 39
12 16 2
21 1 37
15 19 26
2 4 20
19 22 39
0 3 32
7 10 32
21 1 15
6 8 39
5 10 1
11 13 35
22 2 1
21 0 39
11 14 23
16 18 38
18 21 20
19 0 9
14 17 37
0 2 40
6 10 1
2 4 42
0 5 37
15 18 14
5 8 20
17 18 33
12 14 35
16 18 11
20 0 7
23 2 38
14 17 17
4 7 31
15 18 46
2 4 49
23 1 6
9 13 25
9 13 50
1 5 1
0 2 25
20 23 44
8 10 48
6 10 13
12 16 32
0 3 50
2 5 16
6 9 22
5 8 21
16 19 5
7 9 47
19 23 15
17 18 1
22 2 48
17 20 4
23 1 29
13 15 16
21 2 48
1 3 9
0 4 35
14 16 14
4 6 42
3 6 33
21 23 5
4 9 5
23 3 29
15 18 12
8 12 4
5 7 36
5 8 45
16 18 38
15 18 22
20 23 25
1 4 4
11 16 35
3 5 37
9 12 47
5 9 48
16 19 35
15 18 49
5 9 31
8 8 30
11 15 15
16 19 1
14 17 47
20 23 46
14 17 17
0 1 13
13 17 30
2 5 16
8 11 45
7 11 24
1 3 7
21 0 32
1 2 15
4 8 17
5 9 1
8 10 2
16 21 35
11 14 49
11 14 48
15 17 17
5 8 4
18 22 22
0 3 49
4 8 12
21 1 34
18 20 8
2 4 4
10 14 41
6 10 23
6 10 37
13 15 43
3 5 37
11 14 10
7 10 50
4 6 48
10 13 36
22 2 20
19 23 20
22 2 28
0 3 20
1 5 11
23 3 36
5 8 19
3 6 43
23 2 5
22 1 28
16 18 7
15 18 43
17 19 19
16 19 23
6 8 24
16 20 34
20 1 6
11 15 42
14 16 24
15 19 12
19 22 15
3 6 26
9 11 12
15 20 47
8 10 4
22 2 50
10 15 16
4 8 28
13 17 24
8 10 32
4 7 14
5 8 34
19 20 40
0 1 14
5 6 32
11 14 22
1 3 1
15 18 44
22 0 5
22 1 6
12 15 24
8 11 16
18 20 47
18 21 33
18 22 40
3 5 27
5 9 16
6 9 47
6 9 46
10 13 50
14 17 5
11 14 22
13 16 42
5 8 10
8 12 4
22 23 46
2 4 9
0 6 13
9 13 17
15 17 25
22 23 1
1 5 30
11 14 29
11 14 14
13 16 1
13 14 25
4 7 25
16 19 28
0 4 37
12 15 13
21 23 44
23 1 14
5 9 45
18 22 9
22 1 44
22 0 7
2 5 47
17 19 22
17 19 23
2 5 39
13 17 33
15 18 35
13 16 19
8 9 32
15 16 30
20 0 38
23 3 34
16 18 43
5 6 8
21 23 50
14 16 45
8 13 45
1 4 44
21 23 15
20 23 43
9 11 32
13 14 5
13 14 42
1 5 14
13 17 46
19 23 20
19 23 18
0 3 19
0 3 35
15 19 36
14 17 40
21 23 43
3 7 24
13 15 38
23 2 6
4 7 47
5 10 24
5 8 19
17 20 30
5 7 32
13 15 37
7 11 13
12 14 39
2 5 31
7 11 3
23 1 49
16 21 11
8 12 35
17 20 46
2 5 46
16 20 27
23 1 6
14 17 39
17 20 28
20 22 23
7 8 36
16 20 3
13 17 49
5 8 12
13 15 21
19 0 14
8 11 39
10 12 14
7 11 49
11 15 9
21 0 3
7 9 35
23 2 6
1 4 20
15 18 29
2 6 38
17 20 42
5 6 29
17 20 21
20 22 12
14 17 50
22 1 1
8 10 39
9 12 16
7 7 24
13 15 2
9 12 38
12 16 22
11 15 1
6 7 25
19 22 32
6 10 20
1 3 42
21 1 27
14 16 47
11 14 30
23 2 12
18 18 30
18 22 38
3 6 38
18 21 24
23 2 24
11 15 40
15 19 2
8 12 23
20 22 43
8 13 37
19 22 41
4 7 20
12 12 15
14 17 22
7 10 33
1 3 46
15 19 44
12 14 42
23 2 8
22 2 35
3 7 21
11 15 40
7 10 36
1 3 47
20 23 39
17 21 29
12 13 16
17 22 20
3 4 40
19 21 14
14 18 21
23 1 25
8 12 24
17 20 17
4 7 1
18 19 42
12 16 7
0 2 25
10 13 11
7 10 6
22 1 28
10 12 33
11 13 44
0 5 25
5 9 19
7 9 26
21 0 12
21 23 20
1 6 23
6 9 21
20 23 36
6 10 18
1 5 25
8 10 16
22 1 31
19 0 16
10 12 17
1 4 5
10 12 2
11 12 39
5 9 42
15 18 44
20 23 42
7 9 21
0 4 21
19 22 7
8 13 43
13 15 36
20 23 16
11 14 34
19 21 41
18 23 46
18 22 44
21 23 7
15 17 7
9 10 49
15 17 14
21 0 12
10 12 40
6 10 6
6 9 5
19 22 13
12 14 20
0 3 43
1 5 5
2 5 28
11 15 1
18 21 47
3 5 34
20 22 34
13 17 29
11 15 5
23 1 22
6 9 43
13 17 40
18 20 38
3 5 3
17 20 15
5 9 11
22 1 7
0 3 16
2 5 18
11 14 2
15 17 23
22 2 35
20 23 6
6 9 43
16 20 46
17 18 30
11 13 30
10 13 46
2 4 31
19 20 42
6 9 3
5 7 1
19 0 11
2 5 2
12 15 26
15 17 42
3 5 35
11 16 25
23 2 22
3 6 11
10 13 26
3 8 44
6 10 28
14 17 15
12 15 33
5 8 23
15 19 5
20 23 3
14 19 7
15 19 22
10 13 28
1 4 19
22 1 29
1 4 15
19 21 46
3 6 36
18 22 31
19 0 36
16 19 9
14 19 17
11 15 45
17 20 40
1 4 15
15 18 49
11 12 44
21 0 4
19 21 2
2 5 33
23 4 28
14 16 37
11 14 12
5 9 27
19 23 46
0 4 47
22 1 39
11 13 11
20 23 22
2 7 7
22 2 32
15 18 13
20 0 32
20 23 49
23 3 33
1 6 32
21 0 17
0 3 30
5 8 16
1 3 1
3 6 23
7 10 30
17 19 1
10 11 40
16 20 32
16 19 34
5 9 32
8 11 49
4 5 12
1 4 20
14 17 10
2 6 1
11 15 17
20 0 13
15 17 47
19 22 12
8 11 18
14 18 11
10 13 1
7 10 33
3 6 43
17 19 9
15 18 4
8 10 45
23 1 29
4 5 43
3 5 1
6 8 27
16 19 35
12 15 29
1 3 35
20 0 26
16 20 28
13 16 50
16 19 41
13 16 32
1 4 29
2 6 9
21 1 40
21 0 37
12 15 27
10 13 41
21 1 38
11 14 1
9 13 27
9 13 6
18 19 25
18 21 29
12 15 23
13 16 47
22 0 41
17 19 13
12 15 29
11 15 43
18 21 10
6 9 9
6 9 31
21 1 9
13 15 12
15 18 27
17 21 12
12 16 30
13 15 38
3 5 2
5 9 1
9 12 4
3 5 29
8 11 10
23 1 24
22 0 38
6 9 25
6 7 21
7 10 5
6 8 18
21 0 45
10 12 2
3 5 23
16 20 37
23 2 22
9 10 27
23 0 17
16 20 15
23 2 47
5 8 17
5 8 21
20 22 38
5 9 34
21 0 10
19 22 24
17 22 42
18 21 15
1 0 21
23 3 23
10 14 21
8 12 29
10 14 34
9 13 17
19 22 37
8 10 33
21 0 20
2 4 49
14 17 9
4 6 26
10 14 42
18 21 2
22 3 48
23 2 46
9 12 42
3 8 13
0 4 43
16 19 21
11 13 24
7 10 40
0 2 27
10 15 11
17 20 46
6 9 39
9 12 27
14 16 50
3 5 47
18 20 34
16 20 30
4 9 22
13 18 38
23 2 49
17 19 42
15 17 37
21 0 44
23 3 18
4 7 13
6 8 8
16 19 40
14 16 21
4 6 30
19 21 36
16 18 42
10 13 49
5 9 50
7 10 50
23 2 38
9 14 5
18 21 31
21 23 16
14 15 12
13 18 29
4 6 22
16 19 38
23 2 10
14 18 38
0 3 35
17 19 13
12 16 23
1 4 46
16 18 35
16 20 12
6 7 15
8 9 11
11 14 8
13 16 42
14 17 27
13 16 46
22 0 23
21 23 48
16 19 45
0 3 2
5 6 18
9 15 31
6 9 21
4 6 36
23 2 10
19 22 2
9 13 1
11 14 44
14 16 42
20 23 26
10 12 8
3 6 50
3 6 41
23 4 13
16 19 11
14 17 34
20 22 34
10 13 45
8 11 45
1 2 21
17 19 11
2 6 8
13 15 12
7 9 44
16 20 42
12 16 16
22 1 23
8 12 25
23 3 9
2 4 37
1 5 42
23 2 14
8 11 48
10 11 13
6 10 16
1 4 25
6 9 48
2 3 45
14 20 10
4 7 16
15 18 24
1 4 41
9 13 41
6 8 24
16 18 17
12 16 16
16 19 4
19 22 40
13 17 43
7 9 43
13 18 18
2 4 1
16 17 12
14 18 23
8 10 6
8 12 29
5 10 6
13 17 31
15 19 41
19 23 4
8 10 31
4 6 45
16 19 40
8 11 35
10 14 22
23 4 13
18 21 49
16 19 1
11 14 31
2 5 16
19 20 40
18 22 19
15 18 50
13 16 39
12 16 13
9 13 48
16 19 29
10 14 50
2 6 30
18 21 13
1 5 10
19 22 17
6 9 35
18 19 50
2 6 17
4 7 50
11 13 14
4 6 13
1 4 30
21 1 33
4 8 17
17 19 4
13 15 28
1 3 22
7 11 2
14 15 40
21 1 10
3 6 12
14 17 3
14 17 38
19 23 6
21 0 14
15 17 28
21 23 41
14 17 45
16 19 48
9 12 31
5 8 29
13 15 36
3 5 36
11 12 49
15 17 39
23 2 47
20 22 25
4 6 39
9 11 19
9 12 44
17 21 25
3 5 32
11 13 44
6 10 38
13 15 7
23 1 30
11 16 12
11 15 8
11 14 49
3 6 25
13 18 46
22 2 23
14 17 36
0 4 45
6 10 39
3 6 40
13 17 13
5 9 13
13 16 48
2 5 27
10 12 29
4 6 2
13 16 12
22 2 23
13 16 23
23 4 15
11 14 38
17 19 49
0 2 34
13 16 22
3 7 40
13 13 46
17 20 48
9 12 46
20 22 12
2 5 42
3 7 20
20 23 20
9 12 37
14 17 15
17 19 27
11 15 37
7 10 10
22 1 13
1 5 6
4 6 48
11 14 36
3 6 22
11 12 17
22 1 5
19 21 41
15 19 11
13 15 34
17 19 25
20 23 42
19 23 3
3 7 32
2 4 14
12 16 23
5 7 31
0 4 29
16 17 25
17 18 50
12 16 26
1 2 16
9 11 9
8 10 3
12 15 9
15 18 33
14 15 23
11 15 27
1 4 9
11 14 9
0 3 23
5 6 2
5 10 14
16 19 12
5 6 7
19 21 3
10 13 49
7 9 27
23 3 38
18 22 2
10 14 1
4 6 4
9 13 48
6 10 18
8 9 4
20 23 49
8 13 47
0 3 28
12 16 26
5 9 4
8 12 34
23 3 19
7 11 8
4 7 23
20 23 46
2 6 7
0 4 39
18 22 48
3 5 32
12 14 17
2 7 15
17 20 21
19 22 16
16 20 44
22 1 19
8 11 32
12 13 12
8 11 45
6 10 17
11 15 27
13 16 25
1 4 2
14 18 26
14 17 49
9 11 12
0 3 13
20 22 25
0 3 37
4 5 47
6 9 11
21 23 15
23 3 17
6 10 35
8 12 37
0 4 31
9 11 36
6 9 29
12 15 20
13 17 2
22 2 20
22 2 19
10 12 40
12 16 41
15 19 44
5 8 46
17 20 24
1 5 42
17 20 48
1 4 2
14 18 39
0 3 46
21 23 44
20 0 32
23 0 37
11 14 12
10 14 47
17 19 17
16 19 6
2 3 4
4 8 38
10 13 47
9 12 27
13 16 14
6 9 47
4 7 44
3 5 46
2 4 15
21 0 1
1 5 16
8 12 50
22 1 12
0 2 13
19 22 37
19 22 32
12 15 47
1 5 48
9 12 18
12 15 20
15 18 2
12 14 27
8 11 24
18 21 25
12 15 20
12 16 43
16 17 17
23 1 10
12 14 8
7 10 22
8 11 39
18 22 26
15 17 7
9 13 2
22 1 36
15 18 16
8 12 2
22 1 32
2 6 37
16 19 32
0 3 7
9 11 8
17 20 3
16 20 41
7 9 48
17 20 18
21 0 4
7 13 32
22 23 15
4 8 44
16 19 11
12 15 3
21 1 18
9 11 5
4 7 2
5 7 10
8 9 19
4 6 21
23 1 15
22 2 31
22 1 42
17 19 37
16 19 12
12 16 27
21 2 42
23 2 26
22 0 16
3 6 24
5 7 6
16 19 38
23 2 46
3 7 9
14 16 45
12 16 20
22 0 30
20 21 19
3 6 9
14 17 45
12 15 8
21 22 38
8 12 38
2 4 34
20 0 40
23 0 50
12 15 1
10 13 25
7 10 48
3 6 9
2 7 43
22 1 36
20 0 1
6 9 13
18 22 42
9 11 33
10 14 41
13 14 11
2 6 35
3 7 18
5 9 49
9 12 40
2 6 12
2 5 21
3 7 28
14 16 23
9 10 41
5 9 49
9 13 25
21 21 26
3 5 37
8 9 49
8 12 36
0 4 35
16 19 46
23 3 6
10 12 31
13 16 33
23 1 15
21 1 22
3 7 37
20 0 30
21 23 11
10 15 2
13 18 46
1 3 30
23 2 16
0 3 17
5 7 24
9 12 45
6 9 11
6 8 45
6 8 29
16 18 38
21 2 5
5 7 18
7 10 43
6 8 28
15 17 17
5 6 18
4 9 16
19 21 37
12 15 19
22 1 28
22 0 28
7 9 36
9 11 35
23 3 27
11 12 10
21 23 32
9 13 8
16 19 33
0 2 24
1 3 15
18 20 19
0 3 17
0 2 17
23 3 21
23 2 11
9 11 24
14 17 36
17 20 43
10 13 50
3 5 2
7 11 44
6 9 11
3 4 44
1 1 13
20 23 37
1 6 23
2 6 9
0 3 16
12 14 20
13 16 28
5 8 1
12 16 9
8 10 31
5 8 6
15 18 15
2 4 28
4 5 20
16 20 16
9 12 6
0 2 44
12 15 50
10 13 18
22 1 45
13 16 40
13 17 2
2 4 38
0 4 36
10 11 36
7 10 46
21 3 3
18 19 47
21 22 5
13 15 48
1 5 37
16 20 23
11 14 19
10 12 17
7 11 30
5 10 27
9 12 40
2 4 48
9 12 5
15 18 1
6 9 39
16 20 41
13 16 12
20 22 31
21 0 10
7 11 11
15 16 41
1 5 25
17 19 20
16 18 50
9 10 49
15 18 33
22 0 46
3 6 5
9 12 35
15 19 39
21 0 48
4 10 37
16 20 40
8 11 45
22 2 31
10 13 2
22 2 7
12 14 3
3 5 17
1 4 2
15 19 11
17 20 39
9 12 39
7 9 36
4 8 48
14 19 37
15 17 49
19 20 7
3 5 38
0 2 25
18 21 44
1 4 1
10 11 1
9 12 42
13 16 50
9 12 35
5 6 47
8 11 37
2 5 35
1 3 11
10 14 26
8 12 31
5 8 39
20 22 35
5 6 18
23 4 11
23 2 4
12 15 10
21 1 47
12 15 8
17 19 29
2 6 42
4 6 23
15 18 28
13 15 16
15 19 39
21 1 24
19 22 4
6 8 10
15 19 28
12 13 29
0 2 34
21 1 42
21 0 6
3 7 3
5 9 14
3 7 12
6 10 18
17 19 19
5 8 23
3 6 46
16 20 39
17 19 16
4 7 26
23 3 45
21 0 12
1 3 23
19 23 19
20 22 23
12 15 19
1 4 38
5 8 4
20 22 8
17 20 26
20 1 28
15 18 15
15 19 8
2 4 30
8 11 13
14 14 27
15 17 14
14 17 17
5 7 2
1 6 45
7 9 25
21 1 21
19 22 43
13 16 13
1 3 22
21 23 16
10 13 36
4 7 31
13 16 13
9 11 2
15 19 41
5 9 43
12 15 20
15 18 28
20 23 25
20 22 41
0 4 2
12 16 38
15 19 7
6 9 32
17 18 7
23 2 48
7 10 20
3 8 35
13 14 39
21 23 5
21 0 36
23 3 1
7 10 7
14 16 38
6 10 3
7 12 17
17 21 16
17 21 26
3 6 32
8 10 41
3 6 45
6 8 29
2 4 7
12 15 7
5 9 14
10 12 38
18 22 21
13 16 42
5 8 15
5 7 35
13 15 18
19 21 29
15 17 16
23 2 10
10 13 10
15 19 12
4 6 6
5 8 41
21 23 40
6 9 32
22 1 35
21 0 2
2 6 42
15 17 10
8 12 5
1 4 39
2 6 33
7 8 13
4 8 50
17 20 26
6 8 24
1 3 36
4 7 28
9 12 16
16 19 17
15 19 4
9 11 41
2 6 4
23 2 48
23 3 30
12 16 47
17 21 5
10 12 5
5 9 39
1 5 18
8 12 47
5 9 6
19 23 25
22 1 18
4 7 50
5 10 43
10 13 11
15 17 42
12 16 14
5 8 48
0 2 10
19 21 3
23 2 34
8 10 47
8 11 35
1 6 37
7 9 14
21 23 21
4 7 34
2 5 13
8 10 46
8 11 4
15 20 25
2 6 1
3 7 4
9 12 39
17 18 10
23 3 37
10 12 41
17 20 12
10 12 9
9 12 6
0 4 21
15 18 30
11 15 39
2 5 11
8 13 20
15 20 4
19 0 27
1 4 6
10 12 16
22 0 39
13 15 20
19 23 33
20 22 37
5 10 34
19 22 11
23 2 40
4 6 46
3 6 5
12 15 24
17 19 28
1 5 9
6 8 21
12 15 26
7 10 23
6 9 30
0 2 40
21 23 40
23 2 17
19 21 18
9 13 12
8 12 16
5 7 42
18 22 47
3 6 12
20 22 24
19 21 50
0 3 35
7 10 32
23 2 8
23 2 41
0 1 14
6 9 10
16 19 23
16 19 48
4 7 9
10 12 28
7 10 33
7 12 42
20 23 34
13 17 26
23 1 35
15 18 25
5 7 38
16 17 25
9 12 26
20 23 44
4 7 43
16 20 2
0 4 22
17 20 18
7 9 6
20 0 19
19 21 47
6 11 8
1 5 12
4 5 42
12 16 41
22 1 16
19 20 30
21 1 42
2 4 12
22 2 19
23 2 29
7 11 44
7 10 7
5 8 4
16 19 35
19 21 20
14 18 36
0 2 34
13 14 4
23 2 21
23 2 11
16 18 26
14 17 18
0 5 21
16 19 6
18 22 19
17 20 36
9 13 7
12 15 46
18 19 5
19 22 40
14 18 50
12 13 22
8 10 37
19 21 12
0 4 29
4 7 15
0 3 4
17 19 42
1 4 6
14 19 32
18 23 37
5 8 50
10 14 5
2 4 14
1 3 9
20 0 29
21 23 49
19 20 12
4 4 43
3 5 35
2 6 41
5 8 15
1 6 34
22 2 39
4 6 41
9 14 15
21 23 36
6 9 36
13 16 1
10 14 12
20 23 25
0 2 43
5 8 26
15 18 10
10 12 40
15 20 9
15 17 18
10 13 39
0 3 23
7 9 33
6 11 39
19 22 50
11 13 42
16 19 31
1 5 24
22 1 34
1 5 48
4 7 32
19 22 36
2 5 41
8 9 26
0 2 32
19 23 40
8 10 47
7 10 33
18 22 11
1 4 18
2 5 30
19 22 40
23 3 20
16 17 18
5 7 17
20 0 4
11 13 19
21 22 12
9 11 34
4 7 17
23 2 9
11 14 25
4 6 2
3 6 30
8 11 24
11 14 37
5 6 41
9 12 21
19 22 32
2 5 26
16 18 31
11 14 40
5 9 11
22 2 4
11 14 32
21 23 4
23 5 11
5 8 25
2 5 33
1 3 8
14 17 30
13 15 22
17 20 47
7 10 21
1 3 47
15 17 7
18 20 43
17 17 50
9 12 28
18 22 32
9 13 36
7 12 11
4 7 19
15 19 13
12 15 10
11 14 39
1 3 11
5 9 15
15 17 36
7 10 46
3 4 18
11 14 14
13 16 32
7 12 13
20 22 25
12 16 3
7 10 23
13 17 39
13 15 40
12 16 36
10 11 40
18 17 48
23 2 14
3 6 32
18 20 36
21 1 12
22 2 4
16 18 24
7 10 23
3 6 33
19 1 41
7 12 40
18 21 28
23 4 20
1 5 4
14 16 39
10 13 23
14 17 24
18 22 11
15 16 38
2 4 24
17 17 16
5 9 38
15 16 25
23 0 39
18 21 36
12 16 5
23 3 17
12 12 45
8 12 17
9 12 8
12 14 34
20 21 10
4 7 30
13 14 50
8 10 2
3 4 11
14 16 5
3 7 8
10 13 11
22 2 18
3 5 46
3 6 14
8 13 16
19 23 13
1 5 22
5 8 13
10 12 23
2 6 10
14 17 1
1 4 15
5 7 34
18 19 42
3 7 2
13 15 6
9 15 23
9 14 14
23 3 36
2 4 14
2 5 45
4 9 12
11 13 7
23 3 49
14 16 26
4 8 11
0 2 36
21 23 6
12 14 22
19 21 21
16 18 21
16 17 23
7 9 9
16 19 12
23 1 41
20 1 7
11 12 18
10 11 45
5 8 21
14 16 4
0 3 31
5 9 41
3 6 7
3 5 40
15 19 17
14 17 30
19 23 15
21 0 41
14 18 30
2 6 25
17 19 33
13 15 12
19 0 46
6 9 15
19 23 19
2 5 46
1 5 45
17 20 20
21 23 13
6 7 46
22 1 2
0 2 5
17 21 5
17 20 16
0 3 22
10 13 29
2 2 9
1 5 13
18 22 48
10 14 17
0 4 40
23 0 34
15 17 25
18 21 20
12 15 34
21 1 41
1 5 13
1 2 44
11 12 30
11 14 19
20 23 36
22 1 1
15 18 33
8 10 24
7 11 45
20 23 11
18 20 11
14 16 40
22 1 47
17 21 12
2 6 44
1 4 14
17 21 1
22 1 44
15 17 48
2 5 9
6 10 29
8 9 34
6 9 11
11 12 36
5 7 31
13 15 3
9 11 31
20 0 23
20 1 31
7 10 17
1 6 44
16 16 37
22 1 2
14 16 50
16 19 45
4 8 26
23 2 18
23 2 18
6 10 21
13 16 40
12 16 5
18 22 35
4 5 28
12 16 42
21 0 21
12 15 37
1 4 12
12 16 40
8 12 27
11 13 40
2 5 49
4 7 29
0 4 21
6 10 8
9 11 9
8 11 17
2 4 28
17 21 41
9 12 1
1 5 17
1 3 47
19 23 22
19 21 26
22 1 22
1 2 1
3 6 41
5 9 2
8 12 14
16 18 10
9 12 33
18 21 47
14 17 5
19 23 3
22 1 15
1 4 16
21 0 26
18 22 35
12 14 29
12 16 25
7 10 24
20 0 30
11 13 34
1 3 45
22 1 48
15 16 21
20 0 31
6 12 47
4 8 25
10 14 19
6 9 8
10 14 41
4 6 15
3 7 36
18 20 48
19 23 8
23 2 47
4 7 27
4 5 28
12 15 13
17 20 42
5 11 6
15 19 42
10 13 49
11 14 40
21 0 44
4 7 12
1 5 3
22 2 42
10 15 1
14 16 47
18 22 45
16 20 37
2 6 4
12 16 42
15 18 7
16 18 16
16 18 15
22 2 37
20 22 42
7 11 17
14 18 3
14 15 40
17 21 6
18 22 13
12 16 22
18 19 35
18 21 47
0 2 19
7 9 38
0 3 5
4 9 4
18 21 28
12 16 13
0 2 25
19 21 4
16 21 7
17 19 19
23 3 34
15 18 21
13 16 4
10 12 9
9 15 48
1 2 3
9 9 9
12 17 48
17 21 48
2 5 23
14 17 50
13 16 32
9 13 24
15 18 31
12 15 19
18 20 13
15 18 37
15 19 5
23 3 10
0 4 50
19 22 30
11 14 30
17 20 15
16 19 35
6 10 44
7 9 9
20 21 18
5 9 19
12 14 37
23 2 34
23 2 43
12 16 14
13 16 1
8 11 44
3 7 26
2 4 15
2 5 35
13 18 29
5 8 19
12 14 48
8 11 18
8 10 35
11 14 36
1 5 39
12 15 24
13 16 15
3 5 28
21 22 27
13 17 28
16 19 3
18 21 48
20 23 47
14 18 47
8 10 19
20 0 46
23 3 31
4 8 34
23 2 23
3 5 9
21 1 38
14 16 45
23 1 10
21 23 11
12 15 20
23 4 1
18 22 48
23 1 40
17 20 4
5 8 7
3 6 38
9 12 13
17 22 6
16 16 21
5 7 44
15 18 29
2 6 21
0 3 46
22 1 33
11 16 14
11 14 20
19 23 27
22 2 49
7 10 17
16 20 27
14 19 6
16 18 11
8 11 13
14 18 19
12 16 5
6 10 19
22 1 42
21 23 49
0 3 15
2 6 15
19 22 49
22 1 15
12 16 36
16 17 11
7 10 45
9 12 2
6 9 39
3 7 7
16 18 34
5 9 25
3 7 8
2 5 31
1 3 43
11 14 38
7 10 13
20 0 21
12 15 26
15 19 41
16 19 20
14 16 23
13 16 6
0 3 15
14 19 27
23 2 6
4 7 39
12 13 13
21 0 48
18 21 2
1 6 44
3 7 48
21 1 42
18 21 19
13 16 36
0 2 50
8 11 25
7 10 18
16 19 12
19 22 3
1 5 2
19 22 36
12 15 43
6 8 10
13 15 36
9 12 40
16 18 23
0 2 30
10 13 16
13 18 26
15 19 41
20 0 23
5 8 15
17 21 7
9 11 35
6 10 50
13 17 14
9 11 21
2 5 32
18 21 49
0 4 7
2 4 33
8 11 15
17 18 35
10 13 35
9 12 24
9 13 13
1 5 15
9 13 17
3 6 39
18 19 11
15 17 36
20 22 29
1 4 1
19 23 19
12 14 9
1 5 19
7 10 45
15 17 24
18 21 41
5 8 2
23 1 48
18 21 32
9 13 12
1 3 37
21 22 26
14 16 23
23 2 23
2 5 40
7 9 21
18 21 39
18 21 45
18 22 17
19 21 31
18 20 12
4 9 8
9 12 6
7 11 16
19 22 39
11 13 30
11 12 49
2 6 5
0 5 6
12 16 19
5 7 24
12 13 36
18 21 32
13 17 4
20 0 26
0 2 3
22 2 39
21 23 3
18 21 18
8 10 6
11 14 13
15 19 23
15 17 4
22 2 39
20 0 35
16 19 2
8 12 18
17 20 33
8 12 23
15 19 11
13 16 8
19 22 24
17 21 44
16 19 27
3 6 41
19 21 6
22 1 38
1 2 41
10 13 43
17 20 29
4 7 34
16 20 30
15 16 13
8 12 30
10 12 8
12 14 45
1 5 26
10 14 25
23 2 34
14 16 1
7 11 18
3 6 32
19 23 18
18 22 41
0 2 17
2 5 23
5 7 13
16 20 46
2 4 23
2 6 35
4 6 14
22 1 20
17 19 31
17 20 5
2 4 2
20 0 12
6 9 22
4 7 36
15 20 19
17 20 47
5 9 5
2 6 14
5 7 34
14 18 12
1 4 14
8 9 39
22 3 31
8 11 6
2 4 22
16 20 38
4 6 10
19 22 44
13 17 40
12 13 30
23 4 10
22 1 3
5 7 12
12 15 15
6 8 27
14 17 45
19 22 6
14 18 15
8 10 26
15 21 14
4 7 45
22 22 42
18 19 21
21 23 22
16 20 20
12 16 26
9 13 41
23 2 2
21 1 49
14 18 48
18 21 41
2 6 22
0 3 1
13 18 18
22 2 17
2 4 39
1 4 15
8 9 5
2 6 16
8 11 30
12 15 24
4 7 30
18 21 17
15 18 28
6 8 14
17 21 23
16 18 40
20 22 22
1 3 11
7 8 12
23 1 6
10 12 42
12 15 34
5 8 24
15 19 29
20 23 7
7 11 2
22 2 29
10 14 43
17 19 1
10 14 42
12 13 3
6 9 8
0 3 38
16 19 40
9 13 22
16 20 10
14 17 44
12 14 32
11 15 21
13 15 40
1 5 6
15 18 42
15 19 25
12 14 49
21 1 47
20 22 32
3 6 45
0 3 22
12 17 10
17 21 33
8 11 10
2 4 45
12 15 43
21 2 43
22 2 41
0 3 25
17 19 50
11 14 48
12 15 39
19 21 15
10 11 25
7 9 7
19 21 6
9 14 13
5 9 36
9 13 36
14 18 21
2 6 41
13 14 30
16 17 11
5 8 10
23 2 33
6 9 12
20 23 5
19 23 26
8 13 4
10 14 35
21 1 10
10 15 24
17 20 5
15 17 29
12 16 23
10 14 47
5 7 43
20 23 26
10 12 47
8 10 26
15 18 5
20 23 28
14 17 29
10 13 29
3 5 21
14 18 30
1 4 9
6 9 18
15 18 12
14 17 26
13 16 16
4 6 7
11 15 13
5 7 28
13 15 14
17 20 40
3 6 2
8 11 33
19 22 9
21 0 12
13 16 20
11 13 19
11 14 19
3 6 22
22 0 49
3 7 33
21 23 2
19 22 33
17 20 12
4 8 3
13 17 30
21 0 18
12 16 50
5 9 45
1 3 37
2 7 5
14 17 20
16 19 17
14 17 47
0 1 19
0 6 25
16 21 7
3 8 10
10 13 45
16 21 43
10 12 27
11 15 18
16 18 30
9 12 5
13 15 7
10 14 50
0 2 45
22 2 43
19 23 30
17 21 30
19 22 44
12 16 8
6 9 13
11 15 20
19 20 37
13 16 4
6 10 36
4 8 7
16 21 29
9 11 49
5 8 11
22 2 28
12 15 37
0 2 13
17 20 46
12 13 9
5 9 21
12 14 47
3 8 12
17 19 9
13 18 33
2 5 8
18 21 45
13 16 31
10 16 15
14 18 35
11 14 47
19 23 6
19 22 44
2 5 15
11 15 23
8 11 22
8 12 15
3 6 20
10 13 35
1 5 15
6 11 23
19 23 7
2 5 40
16 19 36
20 23 13
18 20 14
0 3 43
2 7 38
6 9 19
14 16 25
17 19 20
23 2 33
17 20 48
4 7 41
12 14 12
7 12 22
6 10 15
9 10 35
6 9 26
0 4 13
13 15 2
22 2 10
20 0 37
15 19 30
5 6 41
1 3 8
5 7 18
19 20 8
2 5 35
0 5 28
12 15 24
7 10 19
15 17 41
5 7 33
7 12 8
17 19 33
1 4 10
7 11 35
23 3 19
18 20 42
9 11 36
23 0 8
20 0 15
1 4 30
8 11 13
19 23 42
9 11 25
23 4 32
16 20 1
11 14 38
4 7 37
1 4 38
20 22 27
19 21 37
9 12 24
0 1 50
23 1 40
20 22 2
17 20 4
3 7 41
22 0 38
5 8 47
21 0 40
8 10 49
1 5 44
12 13 39
20 0 4
17 20 16
4 7 13
15 16 28
8 9 14
9 14 42
12 18 23
6 10 49
13 16 8
0 5 39
5 8 28
2 6 37
23 0 23
1 4 1
23 4 47
7 9 27
15 19 22
7 10 49
19 23 26
11 13 1
17 20 23
6 9 15
4 8 13
3 6 14
12 13 3
8 12 11
14 17 24
20 0 21
13 17 5
16 17 10
1 5 17
21 0 25
8 10 22
18 20 37
9 13 17
19 21 4
14 17 39
22 1 16
20 23 48
22 1 33
12 15 26
0 2 10
23 3 4
7 11 13
10 12 41
23 1 9
2 5 26
4 7 50
13 15 35
2 6 14
2 6 37
4 6 1
12 15 49
8 11 26
20 22 9
9 12 16
11 16 15
12 14 42
21 2 6
12 14 23
2 5 26
15 18 15
6 11 17
10 14 36
6 10 41
22 2 20
5 9 28
9 13 29
9 12 44
22 23 37
23 0 34
7 9 9
4 9 41
20 23 15
16 19 36
20 23 16
8 10 7
7 10 7
13 17 29
9 13 40
11 15 37
21 0 26
17 18 17
7 10 14
16 19 30
18 21 45
17 22 19
14 17 2
17 22 42
4 6 45
10 13 7
12 16 13
13 15 28
12 16 35
11 15 48
21 1 43
10 13 10
0 3 39
23 2 31
0 4 37
7 11 14
13 17 33
22 1 20
23 2 40
17 19 1
6 9 4
22 1 35
21 1 46
5 8 29
17 21 48
11 14 13
23 1 12
8 11 15
21 1 33
11 14 40
15 19 28
13 17 11
3 5 28
20 0 45
19 22 28
14 18 46
17 21 35
2 6 14
5 8 30
23 3 41
4 6 26
12 16 3
1 2 33
6 11 23
17 21 25
23 3 41
7 10 4
14 16 27
23 2 49
2 5 34
23 0 45
21 2 43
4 6 18
18 22 3
10 14 20
7 9 37
20 22 44
3 8 9
20 23 10
22 2 21
23 0 12
17 20 15
11 15 6
21 0 48
8 11 28
0 2 13
4 7 35
17 19 40
23 1 48
2 4 48
9 15 29
8 13 12
21 0 26
13 16 10
3 7 5
16 19 2
4 6 13
0 4 9
0 3 12
19 22 30
19 23 50
7 11 17
18 21 45
20 0 28
10 13 39
14 17 6
13 15 43
14 18 4
12 14 27
14 18 4
1 4 2
23 1 24
7 11 30
14 17 13
15 19 12
2 5 15
21 0 23
12 16 45
14 16 42
20 0 27
11 13 42
4 7 9
7 9 34
8 11 33
23 3 5
10 14 28
4 7 32
17 21 49
3 7 31
15 19 47
6 10 17
19 21 9
13 15 19
17 19 29
6 8 18
9 12 10
1 4 23
22 0 2
16 18 47
2 4 41
16 19 11
15 17 42
19 21 7
23 4 15
14 17 42
16 19 10
2 5 31
7 9 35
18 22 29
19 22 9
15 18 49
21 23 38
1 5 36
15 19 45
10 15 48
17 21 4
9 13 32
23 1 29
2 4 39
16 19 25
0 3 37
19 23 30
16 20 44
8 12 15
4 7 34
5 6 9
2 6 15
12 15 25
9 12 14
4 7 14
12 14 1
6 8 32
9 11 38
6 10 11
8 10 13
23 3 21
13 17 42
20 23 6
11 14 43
0 3 38
11 15 43
19 22 42
19 21 7
3 6 31
19 22 3
5 7 8
1 4 23
11 16 18
1 4 10
13 17 46
18 22 20
5 7 11
11 15 3
20 0 11
6 7 10
10 11 46
16 20 48
23 3 39
5 10 16
4 6 2
18 22 49
2 5 8
11 15 11
22 0 43
18 21 20
6 10 9
12 14 8
7 10 46
7 11 1
0 3 47
21 0 13
20 22 33
12 14 28
8 11 49
21 1 9
23 0 9
2 5 45
18 22 20
3 5 21
22 1 1
7 12 48
0 3 46
15 18 31
4 7 37
10 13 29
21 22 32
12 14 11
8 11 27
13 16 50
15 19 27
11 16 5
1 3 12
14 18 16
10 12 13
17 20 38
0 3 5
12 16 15
15 19 9
22 22 50
12 17 24
11 14 13
0 1 40
21 1 41
2 6 26
5 8 1
11 14 4
18 22 19
22 0 25
16 19 3
1 5 50
11 12 37
4 8 3
21 0 16
17 20 39
18 21 33
22 1 27
3 5 45
10 12 21
21 0 42
8 10 46
12 14 41
5 7 30
10 11 9
1 2 38
0 3 42
4 6 17
18 23 33
13 17 47
8 11 45
23 2 41
19 23 16
8 11 27
10 12 34
22 2 2
23 1 23
20 22 16
22 2 18
7 10 23
6 7 2
14 19 24
16 18 27
19 22 13
20 0 22
14 17 21
5 8 44
13 15 41
20 22 15
22 1 38
2 6 48
10 12 36
16 18 37
13 16 42
5 8 3
13 16 28
2 7 32
2 5 25
19 21 1
8 12 38
4 7 30
18 22 44
23 1 25
20 23 47
11 16 41
1 1 11
22 2 25
5 10 29
5 9 22
0 5 40
22 1 18
20 0 4
8 13 44
4 8 15
23 1 32
3 6 10
23 2 17
3 7 13
13 15 7
22 0 43
16 19 30
9 12 22
20 0 40
14 17 42
5 7 41
3 5 4
19 22 18
8 9 13
11 14 19
9 11 33
15 18 37
10 12 32
17 20 44
4 8 18
18 21 20
17 21 20
2 6 48
20 0 45
18 21 6
8 11 35
3 8 49
8 12 7
1 5 22
21 22 49
2 6 2
1 2 29
10 15 12
20 23 17
0 4 47
4 5 35
5 8 8
22 0 21
12 16 36
0 3 33
5 8 2
13 17 43
11 14 45
22 1 9
21 23 41
8 11 16
3 5 42
18 21 5
8 11 11
20 1 18
23 2 3
3 7 28
23 4 31
14 16 28
13 18 19
4 6 5
2 4 19
9 12 9
12 16 2
11 14 28
19 22 8
4 8 34
2 6 50
22 22 50
5 9 15
18 22 14
0 4 13
3 5 10
23 2 8
4 7 10
5 9 35
20 0 29
17 18 50
7 10 20
21 23 34
8 12 4
2 4 14
1 4 14
17 20 48
1 5 40
0 2 16
2 4 16
22 0 32
13 18 9
12 14 40
10 13 43
5 7 14
13 17 45
7 10 23
11 14 45
21 1 16
5 7 38
6 10 43
19 0 26
22 2 45
13 16 8
2 5 20
23 1 34
7 11 17
15 18 21
16 19 44
18 21 49
17 21 17
19 21 14
15 20 34
16 21 24
1 5 44
12 15 22
21 0 35
21 1 31
22 1 46
9 12 45
23 2 34
15 20 30
9 11 43
19 22 5
20 0 16
15 19 50
11 12 50
12 14 3
19 23 16
20 22 29
6 9 8
11 14 23
7 9 27
7 11 37
23 3 28
16 19 22
20 23 33
10 13 50
16 18 27
7 10 29
16 19 40
18 21 39
9 11 7
8 13 19
7 10 8
15 18 7
18 20 11
2 5 42
2 4 40
15 16 31
6 8 3
8 12 17
9 11 18
3 7 50
17 21 9
17 20 44
7 9 6
17 20 14
11 14 19
9 12 14
21 0 11
11 13 15
12 15 5
18 21 20
8 9 32
5 8 41
7 10 13
5 8 9
21 23 32
3 6 29
8 10 47
16 22 38
6 9 32
4 8 29
15 17 49
18 21 36
19 21 13
23 1 22
16 19 21
8 11 22
0 4 3
14 18 7
4 6 25
21 0 24
15 19 18
3 6 13
1 5 26
8 10 19
23 2 34
21 1 44
12 14 17
13 16 11
4 7 5
5 8 43
12 14 12
11 14 32
6 9 2
21 23 3
3 6 27
14 18 40
17 19 18
19 20 38
15 19 4
5 7 20
23 1 40
2 8 33
1 4 15
4 7 25
4 7 3
12 14 24
11 14 45
19 20 3
9 13 26
8 11 42
23 2 16
9 12 47
6 9 43
18 23 47
6 10 33
17 19 35
3 5 50
11 14 48
9 12 20
10 13 27
13 16 32
2 5 44
10 11 25
12 14 30
18 21 2
18 0 6
4 5 38
5 9 31
19 23 32
16 20 48
16 20 7
2 6 6
15 17 49
2 4 35
10 14 50
19 21 44
21 1 1
21 0 47
5 10 35
4 7 1
20 23 32
10 13 16
15 17 11
13 17 48
10 14 48
17 20 25
18 22 5
5 6 6
17 19 7
16 21 43
16 20 43
11 11 20
9 13 23
1 4 22
18 20 48
3 5 24
11 14 4
10 13 49
10 12 32
1 3 50
22 2 3
1 4 3
14 16 36
15 18 28
15 20 47
1 3 10
6 9 47
14 16 47
12 16 12
14 16 46
8 11 42
16 20 14
19 21 19
20 0 7
22 0 1
10 12 3
20 23 17
2 6 9
20 22 24
22 0 13
2 7 14
1 5 9
4 7 29
23 2 30
11 13 37
2 3 2
20 0 50
21 23 42
19 23 1
20 23 5
14 17 18
2 6 9
12 16 44
8 11 17
14 19 20
12 14 41
20 0 7
19 23 19
15 18 12
9 11 43
14 15 46
7 10 48
9 12 10
16 17 39
21 1 50
2 4 4
6 10 18
6 9 26
14 17 29
0 2 16
11 15 20
0 2 34
8 11 24
17 19 3
16 19 41
7 10 35
1 2 27
12 15 50
6 8 29
10 12 4
5 7 3
3 7 31
2 3 1
9 11 27
0 1 29
9 13 34
14 19 33
10 12 43
3 7 49
19 22 45
22 0 45
0 4 35
22 23 17
7 10 13
9 12 29
4 7 7
19 22 47
16 17 31
13 15 8
11 13 37
11 14 12
20 21 39
19 22 17
18 20 35
5 8 36
0 2 36
18 20 22
19 23 45
18 20 8
1 4 11
1 5 2
8 11 25
17 19 31
10 12 35
2 7 1
1 7 38
14 18 46
17 20 23
14 17 3
6 9 39
22 0 29
11 16 15
20 21 42
6 9 23
6 9 24
15 18 23
20 21 15
7 11 19
9 13 33
1 5 6
13 16 37
2 6 40
17 19 6
21 0 41
11 14 28
8 12 37
10 14 25
6 9 15
12 15 38
6 7 33
19 19 42
1 4 38
16 18 19
21 0 24
22 2 32
22 2 43
3 5 28
5 8 44
9 14 33
22 0 6
14 18 8
11 13 6
13 18 14
14 18 27
11 15 39
1 4 6
17 20 47
10 15 1
0 4 1
21 0 25
20 22 20
11 15 22
15 19 30
20 21 47
19 23 5
22 2 6
2 3 15
8 12 39
4 6 10
6 10 7
23 3 12
22 2 12
23 1 28
11 13 32
11 13 4
2 6 27
23 3 3
1 4 10
22 1 26
13 16 49
18 22 2
1 4 32
15 15 41
19 21 21
15 18 27
6 9 22
23 3 6
7 9 42
18 22 47
3 5 46
12 15 22
22 2 2
7 9 21
6 10 40
14 19 17
18 23 7
5 7 50
19 22 35
2 4 43
4 9 32
0 3 43
0 3 15
1 3 30
14 17 30
4 5 30
22 2 16
1 5 42
9 11 17
2 7 14
13 16 50
5 8 10
4 7 37
2 4 15
23 4 44
6 9 22
20 0 48
22 1 50
0 3 3
8 12 15
23 4 13
14 17 39
0 3 30
18 21 20
0 2 27
4 6 11
12 15 27
11 14 45
14 16 11
12 15 17
1 4 40
22 1 26
20 1 17
9 11 16
14 17 42
10 13 43
2 5 23
16 19 10
6 9 21
21 0 2
8 10 14
1 5 42
15 18 26
18 21 49
10 12 23
3 6 17
3 5 33
19 23 41
0 1 32
8 10 28
21 0 49
10 11 45
9 12 34
16 19 42
3 6 5
23 1 48
14 17 1
0 3 35
21 0 14
11 14 5
0 3 3
12 17 36
1 3 47
21 23 14
8 11 45
3 7 7
21 0 28
19 20 36
14 17 31
21 0 34
12 16 49
22 2 2
5 8 40
12 13 38
12 14 50
23 1 33
1 4 24
4 6 23
19 22 4
10 14 45
11 14 36
22 2 48
21 0 7
9 12 1
0 4 40
10 13 23
18 21 2
10 13 44
18 21 6
2 5 34
22 2 3
9 12 21
4 7 14
14 18 46
20 22 6
17 21 4
5 11 36
3 6 46
11 14 15
12 17 42
13 17 15
5 9 39
6 7 42
4 8 18
19 22 50
6 10 49
9 11 5
20 1 21
18 20 49
1 4 17
11 14 30
0 3 8
13 17 29
21 1 9
5 10 40
0 2 26
23 2 38
15 17 3
22 1 33
11 14 14
4 8 33
15 17 4
2 3 8
11 14 9
6 10 34
21 23 49
13 14 41
7 9 48
16 18 21
11 13 34
9 13 30
21 3 10
19 22 22
10 12 10
7 11 17
13 15 36
15 18 13
4 6 35
1 2 19
17 19 31
18 21 24
21 0 48
20 23 49
7 9 3
4 6 21
4 7 32
16 17 26
15 18 37
17 18 31
20 23 42
7 11 28
23 1 1
22 1 20
21 23 20
2 6 19
4 7 12
8 10 50
21 23 41
9 12 21
18 20 49
18 19 14
12 15 26
15 19 4
8 11 47
21 0 2
0 4 41
4 7 44
4 7 17
14 18 36
15 17 19
6 8 37
12 14 18
7 10 35
0 3 29
13 15 23
1 6 10
16 19 27
0 3 34
19 21 18
5 8 43
19 22 13
11 15 33
8 10 43
22 1 12
18 20 7
18 21 4
2 4 28
7 10 43
17 20 20
6 8 44
0 4 1
11 12 11
17 19 41
16 18 50
21 23 23
5 8 8
21 0 43
20 23 5
15 18 21
21 0 10
15 18 22
0 3 24
10 13 6
8 9 10
21 23 22
1 1 22
22 0 28
19 23 11
10 13 17
17 19 1
10 14 14
2 5 2
19 23 29
0 2 8
21 2 46
13 16 34
13 15 25
9 12 50
23 2 48
15 19 48
5 6 10
10 13 46
15 19 35
14 17 42
2 5 28
4 6 28
19 20 32
4 8 27
14 15 28
9 12 45
10 14 3
19 20 36
22 1 43
5 7 3
0 4 20
1 5 14
12 16 30
5 7 46
14 18 15
11 14 7
19 23 37
0 1 50
8 11 33
18 21 18
16 18 8
16 19 15
17 20 26
2 6 29
20 22 28
20 0 20
11 14 18
4 7 48
6 9 31
1 3 10
18 22 45
2 5 36
13 15 2
15 18 12
15 18 24
19 23 26
8 13 36
0 2 36
0 4 15
14 17 7
6 10 6
20 23 29
19 22 32
9 11 35
1 4 30
5 7 20
6 9 25
10 15 1
3 6 27
13 14 34
20 0 14
21 22 37
3 6 29
4 6 32
21 23 21
9 12 21
12 14 26
10 14 10
5 12 15
2 5 5
14 16 36
7 10 26
1 3 46
21 0 30
7 11 15
17 21 19
10 13 15
20 23 41
2 6 40
19 0 27
7 11 44
9 11 43
10 12 45
10 12 15
16 18 42
3 6 33
2 4 5
13 17 6
19 22 23
1 5 3
3 7 34
19 23 47
20 23 22
16 20 22
19 23 48
19 22 16
4 8 1
0 3 25
5 8 44
0 2 25
5 8 9
19 21 32
18 23 28
8 12 28
4 7 18
5 8 31
14 18 45
22 1 34
11 16 27
15 18 8
16 20 7
7 11 21
0 3 20
3 5 39
22 1 15
23 1 45
0 2 37
2 6 39
11 15 7
13 16 14
19 20 21
8 12 37
17 19 24
10 13 8
1 5 2
16 19 12
9 13 24
21 0 32
16 21 50
22 1 33
4 6 3
11 13 23
21 1 21
8 10 29
23 2 16
13 16 37
3 6 11
8 12 25
2 4 7
19 22 33
18 22 17
8 11 36
12 16 44
19 23 2
18 20 12
1 5 7
15 19 26
1 5 20
1 4 3
13 17 48
11 15 40
10 13 29
15 19 42
0 3 12
20 22 5
13 16 9
1 5 3
14 16 1
14 15 9
8 10 4
16 19 2
4 7 26
17 20 25
2 4 35
5 9 9
1 5 35
19 23 12
2 4 28
17 19 48
14 18 4
1 4 24
2 5 48
19 22 6
3 6 38
9 12 19
6 10 9
10 11 50
14 18 49
11 14 6
3 7 27
19 22 31
17 19 23
18 21 3
12 15 9
22 1 42
23 2 50
18 21 26
11 15 4
11 14 9
5 9 46
5 8 37
14 17 19
14 16 7
22 1 30
23 0 23
6 8 10
5 6 6
5 7 40
17 21 11
11 14 34
16 18 9
9 13 33
21 0 44
20 21 43
17 18 35
1 3 30
3 6 4
1 4 18
14 18 32
18 21 11
22 1 48
14 16 49
10 14 6
2 4 24
1 4 6
11 13 2
11 14 46
10 13 6
6 8 18
3 7 27
15 17 37
10 13 46
17 21 31
19 21 4
16 21 37
1 4 6
19 22 43
19 20 28
5 7 47
12 17 7
17 19 43
9 13 28
9 10 31
21 0 45
1 5 35
1 6 38
7 9 50
9 12 37
7 9 35
1 5 42
18 21 37
20 1 46
5 10 31
12 16 42
14 17 24
2 6 19
20 22 25
18 21 35
20 0 38
21 1 15
9 12 32
14 16 14
15 18 41
20 23 47
6 10 48
7 8 24
4 5 48
5 9 36
7 11 11
12 16 35
2 4 17
7 11 15
20 22 13
20 23 14
22 1 42
19 22 14
4 7 47
21 2 34
22 1 40
22 3 46
14 17 10
9 13 29
6 10 49
16 17 37
10 12 12
15 19 21
19 22 7
4 6 15
18 22 12
7 9 36
10 13 6
17 20 12
17 20 13
18 23 5
20 23 12
20 23 41
3 5 29
16 17 31
7 10 29
3 5 25
3 5 36
11 14 39
15 18 48
19 21 12
18 22 26
8 13 36
1 4 40
9 14 5
21 0 4
8 13 8
5 8 19
3 6 35
12 15 9
3 5 36
13 17 43
7 8 50
13 15 19
6 9 50
14 17 1
21 2 47
4 8 20
10 14 19
13 17 48
20 23 24
1 5 28
5 6 35
19 22 16
10 15 25
15 19 27
14 18 31
21 23 21
10 13 42
19 20 46
1 3 28
3 6 38
12 14 13
20 0 42
3 6 13
7 11 37
5 8 46
12 15 27
16 18 20
18 22 22
6 10 29
5 8 38
13 17 27
17 21 22
9 13 9
6 10 16
14 17 17
21 23 46
17 21 20
8 10 28
16 18 26
4 7 32
14 16 33
21 0 44
13 16 3
6 9 41
2 3 14
21 0 50
12 15 19
0 3 30
12 13 4
19 23 45
3 6 46
23 4 6
6 10 45
4 6 35
16 20 46
9 12 14
12 14 27
11 16 20
0 5 17
20 22 37
7 11 19
9 14 5
2 6 46
19 21 11
22 1 44
4 7 36
5 8 42
14 17 45
14 15 11
16 21 39
9 12 42
8 11 45
4 7 30
10 12 1
15 18 35
17 19 48
22 2 4
23 2 44
3 6 13
21 23 33
17 21 12
20 0 23
18 19 6
0 3 37
1 3 44
7 11 27
18 20 34
23 2 42
8 11 6
1 4 2
4 7 23
3 5 4
13 16 44
14 17 23
22 2 50
20 0 6
23 1 46
12 14 45
20 0 37
17 20 47
2 4 39
13 15 47
8 11 46
14 18 21
11 15 14
2 2 17
3 5 19
5 9 11
10 14 36
21 0 34
22 23 36
14 17 23
18 19 17
3 6 4
21 0 38
13 15 10
12 14 17
12 14 17
23 1 2
15 18 10
23 2 42
5 8 29
6 11 29
4 7 27
6 11 16
6 8 2
17 20 29
18 22 25
4 7 40
5 8 22
20 22 32
21 1 19
17 21 49
5 8 31
5 9 14
22 2 28
11 14 39
3 6 13
7 9 33
13 17 1
7 11 33
2 5 8
8 12 14
12 16 6
2 4 25
17 20 28
10 11 11
0 3 22
10 15 16
0 2 32
5 9 21
20 22 49
4 7 26
0 4 19
0 4 36
10 12 8
15 18 14
0 3 21
19 21 28
21 22 30
21 0 22
2 6 25
2 5 11
8 10 21
15 18 1
19 21 13
8 11 13
2 6 10
3 5 29
16 17 2
12 15 13
6 8 10
15 17 24
18 22 49
0 2 47
16 19 30
16 19 35
19 22 5
22 0 18
5 7 30
6 9 36
15 18 2
16 19 21
20 22 12
23 2 36
3 7 14
17 20 41
12 16 39
12 15 10
3 6 14
13 14 17
4 7 42
18 21 30
7 9 6
4 6 28
4 8 8
5 8 22
23 1 47
14 17 49
23 0 14
10 13 13
13 17 47
2 5 33
12 16 15
5 8 45
7 11 37
14 16 45
2 6 33
22 1 32
15 18 40
4 8 22
22 22 39
12 13 30
16 18 38
15 18 23
14 17 7
9 11 43
5 8 46
4 6 4
19 23 26
2 5 49
11 13 41
2 5 33
0 3 31
17 21 21
4 6 3
9 11 44
3 7 3
11 14 11
15 18 23
14 17 4
4 7 17
21 0 49
13 15 45
8 13 20
15 17 45
11 15 42
7 11 20
14 19 32
20 23 33
14 17 43
19 21 18
21 23 31
12 15 3
1 4 20
5 7 26
16 19 12
15 18 17
14 19 50
8 11 11
18 21 45
17 20 48
23 3 36
4 5 49
8 11 4
5 8 25
6 9 9
22 2 31
17 20 9
7 9 20
6 8 28
8 10 15
21 22 32
1 5 35
14 18 43
9 11 39
8 12 19
15 16 3
18 22 42
21 23 41
4 7 16
3 6 7
6 8 34
7 11 29
18 21 35
0 2 7
4 10 44
21 0 18
23 3 47
6 9 31
1 4 47
19 20 4
13 17 7
5 7 33
8 11 45
13 15 25
15 20 31
4 7 14
10 12 2
9 11 19
5 9 2
16 18 44
2 5 17
19 23 37
23 2 33
10 14 38
8 12 50
7 11 27
23 4 14
6 11 13
10 14 6
4 6 35
14 17 37
6 7 27
2 5 41
7 10 33
17 18 3
11 14 48
20 1 42
17 20 23
6 9 34
15 17 48
18 20 12
8 12 24
13 19 18
2 5 24
6 10 43
9 11 8
15 17 6
5 8 20
22 1 35
23 2 10
23 4 43
22 0 25
20 0 17
9 12 21
0 3 18
3 7 28
2 4 16
2 5 39
18 18 39
14 19 45
6 9 5
0 3 35
17 20 2
6 7 6
9 12 49
16 18 44
10 12 8
3 5 27
8 12 5
5 9 49
20 0 46
0 3 36
7 8 44
21 1 14
4 7 9
0 4 40
16 20 34
21 22 20
7 10 37
1 3 17
18 22 24
21 2 21
23 2 42
9 11 18
9 11 39
7 11 31
13 15 24
17 20 27
5 7 41
13 16 3
20 0 47
1 4 18
8 11 25
7 11 36
13 18 31
22 0 32
7 10 18
9 12 33
22 0 24
23 2 37
11 12 5
22 2 29
10 12 11
13 17 21
17 18 32
2 5 2
15 17 49
1 2 26
13 16 27
10 11 6
11 14 31
22 2 18
12 16 46
16 18 2
17 23 38
2 6 16
18 20 19
4 7 30
23 3 24
17 18 47
6 9 3
23 3 28
16 18 7
16 20 5
6 10 46
20 0 37
22 1 2
1 2 6
16 21 18
11 14 23
15 19 46
4 6 5
13 16 10
4 6 49
5 10 47
20 22 13
11 16 14
3 7 17
6 10 40
20 23 28
21 0 36
23 4 14
6 10 11
22 0 17
22 0 46
3 6 50
19 21 44
8 9 30
22 2 23
19 21 32
19 20 42
13 16 35
5 10 5
2 4 44
2 4 23
11 15 31
2 5 19
8 10 30
10 13 15
8 11 4
1 3 1
1 5 40
21 22 21
19 22 27
11 16 14
3 5 20
16 18 27
10 12 21
20 22 35
6 9 32
20 21 45
17 17 44
17 20 5
18 19 30
7 9 25
8 11 38
14 16 31
17 21 3
23 1 5
1 6 27
23 2 34
4 6 3
5 8 12
3 6 18
15 17 29
6 9 28
5 9 49
22 1 17
21 0 35
3 7 49
10 13 24
12 16 4
20 23 31
15 17 32
23 2 38
22 0 13
8 10 27
9 12 17
10 13 49
18 22 9
23 1 26
2 5 17
7 10 12
23 3 28
3 4 12
10 12 17
6 10 17
8 9 30
1 4 22
6 9 46
11 15 8
15 19 38
16 19 13
9 11 30
7 11 39
18 22 34
15 18 1
8 11 25
3 7 1
15 18 35
3 7 39
0 2 30
15 19 33
10 14 21
11 14 47
23 0 12
14 15 15
1 4 26
16 18 42
8 12 11
23 2 22
18 22 17
3 7 18
8 11 8
2 4 36
20 1 34
3 4 31
17 20 5
0 2 12
3 4 7
11 15 47
21 0 45
5 8 7
7 9 17
14 18 35
10 13 28
20 23 31
10 13 46
4 8 42
20 0 33
15 17 25
18 21 50
8 10 10
8 11 5
13 17 44
18 20 23
4 7 17
4 8 39
3 5 29
16 18 18
5 9 38
23 3 5
16 17 7
8 11 27
10 14 17
19 21 45
1 4 27
14 18 28
22 2 37
21 23 31
20 22 20
7 10 28
20 23 38
4 7 29
14 18 36
11 14 45
5 7 48
0 2 1
9 12 45
14 16 37
10 14 1
3 5 3
19 22 3
23 4 3
18 20 26
22 1 10
11 14 26
21 0 36
5 8 29
7 9 38
22 0 29
4 9 49
20 2 18
22 2 3
13 16 45
11 13 28
9 12 27
19 0 41
23 2 31
5 8 50
16 20 20
20 23 27
10 13 46
14 19 40
16 21 32
12 15 9
5 8 48
18 21 37
7 9 40
19 23 31
8 11 13
16 20 38
2 5 15
20 0 16
4 5 23
12 16 25
23 3 28
12 15 43
15 19 16
11 16 28
6 11 19
22 2 12
23 0 11
22 2 5
13 17 19
17 19 12
18 21 36
13 16 19
11 16 38
17 21 32
1 6 32
5 9 24
0 3 19
10 13 11
5 7 22
4 7 41
10 13 35
15 17 39
21 22 35
12 15 26
16 21 44
5 8 16
20 23 30
1 4 46
18 21 35
10 13 41
17 19 8
4 5 25
14 19 34
17 20 17
7 9 33
10 13 33
5 9 44
3 5 30
4 7 36
14 18 20
22 1 6
19 21 41
11 17 38
6 9 36
4 8 41
11 14 20
8 12 32
22 0 33
19 22 37
6 8 24
7 10 5
12 15 45
5 8 29
12 14 15
23 4 46
11 15 5
19 21 42
23 5 32
14 16 37
10 11 30
19 0 5
15 19 30
9 11 4
20 21 16
19 21 26
7 9 20
0 2 19
13 17 46
6 10 26
13 15 25
16 18 2
1 3 32
12 14 39
16 18 16
1 5 43
14 17 22
0 1 10
12 15 44
6 9 1
2 4 30
11 14 30
3 5 39
15 18 35
9 13 6
8 11 29
18 22 33
1 3 50
0 3 42
6 9 38
8 11 13
21 22 10
15 17 16
6 11 10
8 10 36
8 12 28
19 22 35
18 21 10
11 13 7
4 7 44
23 1 43
6 9 18
10 11 4
8 10 3
13 15 8
18 22 16
1 4 44
15 17 22
16 18 20
2 3 18
14 18 40
21 0 7
11 14 16
19 22 44
13 18 3
16 19 28
6 10 48
19 21 43
7 12 23
15 19 26
4 6 5
8 10 20
6 8 22
8 10 31
15 18 35
4 6 4
22 0 28
8 11 8
18 21 46
19 22 40
13 14 22
22 1 2
17 20 46
0 2 36
23 1 23
7 10 9
17 20 28
1 3 14
1 1 17
9 12 19
7 11 31
23 2 12
5 9 17
19 21 38
17 19 48
6 10 39
10 14 49
17 20 42
21 1 13
18 21 13
4 8 50
21 1 13
12 14 13
0 5 35
18 23 1
13 14 27
21 3 8
2 5 50
18 21 13
20 0 40
7 9 47
2 6 48
8 10 4
11 13 6
17 19 18
8 12 50
20 0 5
8 13 23
6 8 34
11 14 23
15 18 29
22 1 37
22 3 5
22 0 48
16 19 14
22 0 34
3 7 30
2 6 42
7 9 23
2 5 39
9 12 27
17 21 3
16 18 2
1 4 21
13 17 9
2 6 13
18 21 43
3 5 32
17 20 25
19 21 44
4 6 10
23 3 26
7 9 3
5 6 35
13 17 23
12 16 12
0 2 48
2 3 25
11 16 20
20 0 36
23 2 18
9 13 23
1 2 47
8 12 21
10 14 14
13 17 32
19 22 7
16 18 1
13 17 5
11 13 32
4 6 40
17 21 22
11 16 8
21 23 8
9 13 36
23 2 27
18 23 16
7 9 20
19 21 16
2 5 50
8 12 1
16 20 48
6 11 50
2 5 11
11 13 12
15 17 2
12 15 2
13 18 37
1 3 34
17 21 34
11 13 10
2 5 39
7 10 15
9 12 35
15 18 32
2 4 10
10 13 37
9 13 22
23 3 19
8 10 3
10 12 14
11 14 28
15 19 26
13 19 32
4 7 6
22 1 44
18 22 47
1 2 48
1 5 27
4 6 49
5 7 33
7 10 8
1 5 27
21 23 21
18 20 45
7 9 24
15 17 2
10 12 15
4 7 9
13 16 15
21 0 19
0 4 45
8 12 4
19 21 12
16 19 14
18 19 30
4 7 37
20 23 42
10 14 34
13 15 28
7 10 12
16 20 40
15 19 40
3 7 49
4 8 20
22 1 14
6 9 43
22 1 17
15 18 25
1 4 43
4 8 41
8 12 25
14 16 30
6 8 6
7 10 24
14 18 31
20 22 32
22 1 13
12 15 3
9 12 39
6 9 15
8 12 4
2 5 14
0 3 31
12 14 38
6 10 25
9 13 14
8 10 19
5 8 12
12 15 5
10 13 23
14 17 3
10 14 10
0 4 10
4 6 40
10 12 16
21 0 43
15 19 3
13 18 44
0 4 26
4 6 20
9 12 27
14 17 40
6 10 15
1 4 45
18 18 29
9 12 45
2 4 12
1 2 5
12 14 42
17 20 11
22 0 50
16 20 7
9 11 21
9 11 44
0 4 25
14 14 4
23 3 24
7 11 24
11 15 48
16 19 17
12 18 43
19 23 31
0 2 38
23 1 27
3 5 20
6 9 7
7 10 22
6 8 28
6 8 41
6 8 37
9 13 5
7 12 14
8 11 27
22 1 16
14 16 31
22 1 16
19 23 13
21 1 26
7 11 3
13 17 12
12 17 21
16 19 15
7 10 50
11 16 32
14 18 21
7 9 6
3 7 40
22 0 14
6 9 11
16 18 36
15 17 6
16 19 20
2 4 21
23 1 47
13 16 46
10 16 43
0 3 18
23 4 32
12 15 29
21 0 13
15 18 33
13 15 43
0 2 47
0 3 25
2 6 9
20 0 50
4 9 19
15 18 43
7 9 6
1 3 11
23 2 46
15 19 27
7 9 46
23 4 24
16 18 1
0 3 26
22 1 23
18 21 8
0 4 5
6 8 16
14 18 39
22 2 28
13 17 3
8 12 16
21 23 17
0 4 22
19 23 31
13 17 50
7 10 33
13 16 38
9 12 30
23 0 22
23 3 42
7 10 18
6 7 13
11 14 35
18 23 38
23 1 13
9 13 19
16 18 15
13 17 4
0 3 45
3 7 16
21 0 49
12 13 29
6 10 20
10 13 27
3 6 20
15 17 42
21 1 1
18 19 36
11 16 36
10 12 13
20 0 34
0 3 11
22 1 20
10 13 23
3 6 44
0 4 17
17 19 4
17 19 43
14 16 13
15 20 37
10 13 15
23 2 23
9 14 32
19 22 34
10 13 41
23 1 26
23 1 14
3 5 4
20 0 39
0 3 12
3 7 43
3 3 39
23 3 13
21 0 39
17 17 49
0 3 41
16 20 9
1 4 41
3 7 3
0 1 12
7 9 31
17 21 37
3 6 32
9 14 33
20 22 10
16 19 45
9 13 33
2 4 2
0 5 12
17 21 32
16 19 18
2 7 1
1 3 46
8 10 42
5 6 35
5 7 49
11 15 32
15 19 14
10 13 36
13 16 7
0 3 25
13 15 12
16 16 32
0 3 7
0 3 8
4 9 19
18 20 48
8 10 21
12 16 16
0 2 18
18 22 1
6 9 32
9 11 47
14 18 43
16 18 36
9 14 43
18 22 32
9 11 1
15 19 13
12 15 23
0 2 25
13 15 21
15 19 23
18 21 4
14 16 11
17 22 40
1 4 2
6 10 31
0 3 42
1 4 19
9 14 46
14 17 25
13 15 44
4 8 13
19 21 46
0 1 50
17 20 30
20 0 28
0 4 2
13 17 28
19 22 36
19 23 1
6 8 3
1 4 45
13 15 38
7 10 22
5 8 19
16 17 17
10 11 48
22 1 38
9 14 24
9 12 41
17 21 37
12 16 32
11 15 31
18 21 14
17 21 30
19 22 23
3 7 39
1 6 40
20 22 45
7 9 48
18 20 47
1 3 48
4 7 19
20 23 1
6 9 1
0 3 49
12 14 16
0 3 23
4 8 29
15 18 30
15 19 4
10 15 32
19 21 15
21 0 24
8 10 32
9 13 41
5 7 16
12 15 15
11 14 16
14 17 22
16 19 49
22 0 49
11 14 25
0 4 50
3 7 11
10 12 48
3 6 28
9 13 19
15 18 16
10 13 19
10 13 33
0 4 42
21 1 27
14 17 42
18 22 33
19 22 32
12 15 12
14 16 10
7 10 38
0 3 7
3 6 50
10 15 28
11 15 34
19 23 50
23 2 28
23 3 24
15 19 30
14 16 19
20 23 17
1 5 11
5 9 32
18 21 36
2 4 45
23 0 46
7 10 5
7 8 10
0 3 43
3 4 22
7 10 15
3 6 39
22 0 10
16 19 8
4 7 25
6 10 39
3 6 11
3 5 8
17 19 18
6 8 4
5 11 9
22 2 26
0 2 12
13 16 42
16 18 43
7 8 28
4 9 37
8 11 14
8 12 4
15 18 11
4 6 25
22 0 4
18 22 37
9 11 17
16 19 6
10 13 26
0 1 50
12 14 10
2 5 46
3 5 18
17 19 25
22 0 32
3 5 9
10 11 9
17 21 47
16 19 12
3 6 12
12 17 7
11 15 40
7 10 47
18 21 47
14 16 45
17 18 25
1 3 38
17 22 16
15 17 25
20 21 29
10 12 11
21 23 1
13 15 43
18 21 1
12 14 48
22 2 49
3 6 9
9 11 12
21 2 17
19 22 10
12 16 27
21 1 48
13 17 22
18 21 27
5 7 48
0 3 2
14 18 3
9 12 44
8 11 15
5 7 34
21 0 33
5 8 12
13 17 4
11 15 41
6 10 34
9 12 35
2 5 23
5 8 9
3 5 12
18 21 12
14 18 30
22 0 26
8 10 4
7 12 31
18 23 25
4 9 21
14 19 33
8 12 4
20 22 20
5 9 29
8 11 19
13 15 42
16 18 11
11 13 42
9 11 12
22 0 25
16 21 45
10 12 46
17 20 44
7 11 32
16 19 6
21 0 48
1 2 7
1 3 38
11 14 44
11 14 29
8 12 14
8 10 34
14 16 5
16 19 8
14 17 33
4 7 50
22 2 48
22 1 24
23 4 11
7 9 18
6 11 8
14 15 17
10 13 36
7 10 39
23 3 42
20 0 3
3 5 18
18 20 18
8 9 41
16 19 16
11 14 1
15 17 42
13 17 45
4 7 16
7 13 4
23 4 32
2 6 41
6 10 12
23 1 40
13 17 34
1 4 28
4 8 35
22 1 2
10 13 26
3 6 45
16 18 46
12 16 50
5 9 1
7 10 25
5 8 26
23 4 7
13 17 39
17 19 18
21 23 27
2 4 13
17 19 5
15 18 50
1 5 24
22 1 26
13 15 45
1 6 16
11 15 10
11 13 30
17 20 31
18 20 17
7 10 41
18 21 34
15 17 47
13 16 11
9 11 6
16 17 49
6 9 7
6 10 16
3 6 25
7 10 16
3 6 2
15 17 14
20 0 19
20 22 41
1 3 17
13 17 31
9 13 9
17 20 34
5 9 43
23 2 1
8 11 21
22 1 12
1 3 11
12 15 23
21 23 3
4 6 25
2 5 16
6 7 23
1 4 2
21 0 17
17 20 41
16 20 25
5 7 5
20 1 1
15 17 4
5 7 9
16 18 42
12 14 43
14 18 46
13 15 49
11 15 4
23 2 33
0 4 34
8 12 15
15 19 7
16 19 23
15 16 14
1 6 12
1 4 49
1 4 36
22 3 4
1 3 1
21 0 49
21 0 41
7 9 32
12 14 21
23 1 6
10 16 19
3 6 12
4 8 39
5 6 10
1 4 34
7 10 23
19 21 5
12 15 5
7 10 2
5 8 50
2 3 18
11 15 50
14 16 7
8 10 6
12 15 21
9 13 23
10 13 47
8 11 23
6 10 6
20 23 33
14 18 46
13 15 17
10 12 39
4 9 30
3 9 33
1 3 10
20 22 47
5 8 20
22 2 24
21 23 37
2 5 38
7 11 19
12 14 22
23 2 6
7 11 37
12 14 27
14 18 44
23 1 17
22 0 13
22 0 45
12 14 3
17 19 10
23 0 39
12 15 22
11 12 7
14 18 17
15 18 12
10 14 16
20 0 44
3 6 35
13 14 12
17 20 28
6 9 4
17 20 48
0 3 41
3 6 14
16 20 35
21 23 11
10 13 17
4 5 7
15 18 33
12 16 50
11 13 35
23 23 31
22 1 7
13 14 36
22 2 21
7 8 6
2 6 22
8 12 22
17 21 7
16 20 46
6 9 1
4 9 9
8 11 35
22 1 32
6 8 45
17 20 31
12 15 10
18 21 20
9 12 17
18 21 36
14 18 28
22 1 30
16 20 25
7 8 33
6 8 46
17 18 41
20 23 39
14 17 23
4 10 4
12 16 8
7 11 24
5 9 27
10 13 1
17 20 41
10 13 19
18 19 4
1 3 27
19 22 32
12 16 50
18 22 39
8 12 16
16 19 11
19 22 42
23 2 8
12 16 42
3 7 40
9 13 1
22 2 3
2 7 13
2 4 45
2 6 50
5 7 17
2 6 50
8 12 10
13 16 4
14 16 46
15 18 2
11 14 14
21 1 30
14 16 36
14 19 36
17 20 41
23 2 18
19 22 40
10 12 13
4 7 35
10 13 7
3 5 12
13 17 38
1 4 34
21 0 43
14 18 49
15 19 39
9 12 18
16 20 6
13 17 21
4 7 43
17 20 41
7 10 21
4 8 5
12 15 23
19 21 16
16 19 17
9 12 26
4 7 9
16 19 27
14 17 44
11 16 47
5 7 47
11 14 44
9 11 39
0 2 39
1 3 7
11 14 50
11 14 39
3 7 6
5 8 26
14 19 41
14 18 36
3 5 15
20 23 30
23 1 9
11 13 29
16 21 33
9 11 35
20 23 37
11 14 48
12 15 35
22 1 35
8 12 47
14 18 12
9 13 23
20 23 22
22 1 41
0 2 15
23 2 9
12 16 30
19 21 19
15 16 48
13 16 33
3 6 30
4 5 22
22 2 3
1 4 15
8 11 26
23 3 38
12 16 5
13 16 38
14 17 19
10 11 36
12 16 33
15 20 44
17 22 37
5 7 36
23 3 26
8 12 35
18 20 14
1 4 11
1 5 40
4 6 47
14 16 44
5 9 32
6 8 46
13 15 18
15 17 25
15 19 8
16 20 9
4 6 32
4 7 27
19 22 21
2 5 5
22 1 6
7 11 28
4 7 17
15 18 21
8 9 42
11 12 14
5 7 1
2 6 5
19 21 4
23 2 35
18 23 28
4 7 17
15 18 40
18 20 9
18 21 45
3 7 22
8 12 25
9 11 27
2 7 38
2 4 46
18 22 46
17 21 40
15 17 8
14 17 2
13 16 45
2 5 45
0 3 24
7 11 32
9 13 32
22 0 39
6 12 49
7 11 9
8 9 50
3 7 17
7 11 39
8 10 31
15 17 40
8 12 12
1 4 5
20 23 16
13 14 27
16 19 20
0 3 25
6 9 34
21 0 5
5 9 24
13 16 48
8 11 17
9 13 19
9 12 30
16 19 38
7 9 8
2 6 8
16 20 6
20 23 4
5 9 41
3 4 36
1 4 10
1 4 38
11 13 27
14 16 25
22 2 1
18 18 1
21 1 6
12 13 10
23 1 12
11 13 16
8 10 40
12 15 5
9 13 1
23 2 50
2 5 26
6 9 3
13 15 42
22 23 27
0 3 23
2 5 22
17 20 4
23 2 48
1 5 43
11 15 38
5 8 11
11 15 23
23 1 49
19 21 2
13 17 1
13 16 43
4 7 36
1 3 13
18 21 41
6 9 31
18 21 15
8 12 7
17 19 35
4 7 50
11 13 4
1 5 27
14 16 14
5 7 9
12 15 47
2 4 44
2 4 14
22 1 1
4 7 29
15 18 1
10 14 36
3 6 15
0 2 4
4 6 4
7 10 25
18 21 5
22 1 44
20 0 13
13 16 24
20 23 19
9 12 31
2 5 37
16 19 21
22 2 36
22 1 7
19 23 15
7 10 19
19 21 38
6 7 41
23 4 17
23 1 23
20 22 35
11 14 32
0 2 15
7 10 42
6 9 23
12 14 28
2 5 20
3 6 1
3 7 9
23 2 22
19 0 31
23 2 1
5 7 26
3 6 2
2 5 32
22 2 35
5 8 35
11 14 16
13 15 7
19 22 34
23 3 39
20 0 39
3 5 33
8 12 21
6 8 24
3 7 4
1 5 5
0 3 39
4 9 8
13 16 21
2 5 38
5 8 22
17 22 39
8 11 25
19 23 2
5 9 31
0 3 37
14 18 3
19 21 3
12 15 24
17 21 32
23 2 34
2 5 40
23 1 31
22 1 50
17 18 50
6 10 5
7 12 36
1 4 28
19 23 25
6 8 48
3 4 11
18 22 24
12 15 18
9 10 1
14 17 25
2 3 17
22 2 9
11 14 13
20 23 12
3 5 50
1 3 6
9 11 29
20 23 42
11 14 16
14 17 28
1 4 35
7 10 3
15 18 30
21 1 5
5 7 3
12 16 40
8 10 44
3 7 49
1 3 17
5 7 8
5 7 32
0 3 17
23 1 5
19 22 32
11 17 6
6 10 9
14 16 9
12 18 44
23 1 45
4 7 22
14 17 23
1 2 18
15 19 14
18 22 50
15 18 15
17 20 19
12 16 24
21 2 14
1 6 23
2 6 45
14 18 45
22 2 11
3 8 6
6 9 42
20 23 26
21 2 45
11 15 43
2 5 35
22 0 44
11 14 46
12 15 40
9 13 6
4 7 11
3 5 19
22 1 13
6 7 39
19 23 39
14 17 34
17 19 38
12 15 39
4 7 14
13 17 49
0 2 14
8 11 27
20 23 47
15 16 1
20 23 42
22 2 33
15 18 19
15 17 25
19 22 42
10 12 19
3 4 48
1 5 9
18 20 12
20 22 48
7 9 48
19 23 31
21 0 35
21 0 32
1 4 42
2 5 36
9 13 39
23 1 2
6 10 16
7 10 48
13 17 9
9 12 43
12 19 14
20 23 32
21 1 23
6 10 19
14 16 14
17 22 42
3 6 14
22 3 6
21 0 15
16 19 48
7 9 17
6 7 27
22 23 13
10 12 16
15 17 6
20 22 34
9 12 47
0 4 47
4 5 45
16 22 16
23 2 35
23 1 44
7 9 44
14 17 11
22 2 17
18 19 43
18 23 38
4 7 22
18 22 43
22 0 44
21 22 23
5 9 33
14 17 9
5 8 31
5 8 30
3 7 9
9 10 28
18 20 5
5 8 39
6 9 26
8 10 24
14 17 30
3 5 13
4 8 17
21 22 40
1 4 17
6 8 43
12 15 19
14 16 20
10 12 5
0 4 17
0 2 11
5 8 46
7 10 49
2 5 23
11 14 49
4 7 44
5 8 35
1 5 19
6 8 26
20 23 19
12 15 12
14 18 33
0 2 40
14 16 11
22 0 39
23 2 13
8 11 33
7 11 9
18 18 50
15 18 28
15 18 39
6 9 31
4 6 26
23 3 25
23 0 36
23 1 33
1 4 49
21 0 5
20 23 15
13 18 38
23 3 7
0 4 23
9 12 12
4 8 21
4 6 34
3 5 1
12 16 1
1 5 42
5 9 6
6 9 43
6 10 27
18 21 11
14 16 3
13 16 25
14 17 10
5 7 14
20 23 31
11 14 21
6 9 41
2 5 16
16 17 23
21 0 25
0 4 32
18 21 47
9 13 12
18 22 33
2 5 38
1 3 32
1 5 18
7 9 28
2 6 1
4 7 33
19 0 11
13 15 16
4 7 19
5 8 23
4 7 20
12 14 24
6 10 26
9 12 50
19 21 27
0 3 16
11 16 40
3 6 33
5 8 48
8 11 23
5 9 45
10 14 2
13 17 9
5 8 14
12 15 43
22 0 33
8 10 18
23 3 8
21 0 12
1 5 8
19 0 2
8 12 46
11 14 28
20 23 18
19 21 34
13 17 34
6 9 32
22 1 20
8 11 15
17 20 3
3 5 36
8 11 41
5 9 50
3 7 17
4 7 43
20 0 48
21 1 13
18 21 49
20 0 34
5 8 37
22 1 29
7 8 19
16 18 17
0 4 39
8 11 11
17 21 19
18 21 15
16 20 41
20 1 14
19 0 9
21 1 14
21 23 1
14 17 22
17 18 48
6 9 29
20 23 44
22 1 27
2 4 38
1 5 10
8 12 40
8 11 29
1 3 33
1 3 30
20 22 3
18 19 43
13 16 7
4 7 28
1 3 19
12 15 21
1 5 6
9 11 25
11 15 37
21 0 7
4 7 2
4 9 14
4 5 9
17 20 47
11 14 14
1 4 28
2 4 2
3 6 42
23 1 33
16 19 22
15 18 26
10 12 35
10 12 5
17 20 21
22 2 45
6 10 22
5 8 42
17 19 3
2 6 16
19 1 41
13 17 21
5 7 39
7 8 12
3 8 1
13 18 10
18 20 6
7 10 9
21 0 26
22 2 15
20 1 14
21 0 10
7 10 1
21 23 41
9 12 25
12 16 47
19 21 17
11 13 28
16 19 42
3 6 46
5 10 41
10 13 34
12 16 45
8 11 43
15 18 48
23 2 8
13 16 39
23 3 14
17 21 44
7 11 23
0 1 25
5 9 1
13 17 26
16 20 45
8 12 14
11 14 6
2 5 14
23 2 14
9 12 40
14 17 39
13 17 32
0 1 39
18 21 31
16 21 48
11 14 21
0 2 41
19 22 20
3 6 26
18 21 13
5 8 41
18 21 19
8 12 40
3 5 34
15 18 18
18 22 2
5 9 12
6 10 50
0 1 41
5 9 9
12 14 2
21 23 28
22 0 50
1 4 34
7 8 43
19 23 41
21 1 27
5 8 45
17 20 19
3 4 23
5 9 47
18 21 30
16 18 21
3 6 38
20 22 17
0 2 27
14 17 18
13 14 21
11 15 10
19 21 1
16 18 30
6 10 48
2 5 30
10 13 25
16 21 46
15 18 7
13 15 14
5 9 11
13 16 15
6 8 25
6 9 13
19 21 15
17 20 29
16 19 29
23 3 33
2 6 9
5 9 15
18 22 48
8 12 26
22 0 46
0 3 4
10 14 24
17 20 13
11 14 33
11 13 32
23 3 28
10 13 10
7 10 30
12 15 10
23 1 31
20 0 15
16 19 39
11 15 33
9 12 50
20 23 1
8 11 35
11 14 47
13 15 42
23 1 49
3 7 20
0 2 35
11 14 27
17 21 50
15 19 38
0 3 39
10 14 28
10 14 11
6 10 15
9 14 22
23 2 28
3 7 40
14 18 22
11 14 32
23 1 6
5 9 19
2 3 22
17 22 6
17 20 42
4 6 2
15 18 35
20 0 20
20 23 40
4 7 11
6 7 37
14 17 31
13 14 47
23 2 10
19 21 46
11 14 3
17 21 35
7 10 22
19 22 30
0 2 22
9 13 22
22 1 4
9 13 42
9 12 2
12 15 32
8 11 44
19 23 10
13 16 24
12 15 27
7 10 28
13 15 38
12 16 24
11 14 2
1 5 1
8 10 44
19 21 31
5 8 36
14 17 31
13 16 5
9 11 40
10 13 2
5 7 35
19 22 39
14 16 45
7 9 23
14 17 33
6 9 28
23 1 25
19 23 48
12 17 9
11 16 32
23 2 16
0 3 9
18 22 36
5 8 33
22 3 3
2 6 36
9 11 19
11 14 16
5 8 9
12 16 36
9 13 45
22 23 24
4 6 18
13 15 24
15 18 33
11 14 18
0 5 37
0 3 43
0 3 49
19 1 46
20 22 47
20 23 24
5 7 28
12 14 39
9 13 13
14 17 7
10 12 39
1 6 38
21 2 50
10 13 25
17 21 16
1 6 43
17 19 20
19 22 24
17 20 29
4 8 15
11 13 43
0 5 2
5 8 7
2 5 11
6 11 49
5 8 47
14 19 36
11 14 27
10 13 20
5 9 47
19 22 13
7 11 1
8 10 7
6 7 39
17 20 10
21 0 24
1 3 3
12 17 38
20 0 2
9 11 36
14 19 29
1 4 9
21 23 50
13 16 22
5 7 23
13 17 16
4 7 15
18 20 9
9 13 39
19 22 21
19 22 3
18 20 3
17 20 45
5 8 41
0 4 19
6 10 31
19 21 41
9 12 21
7 9 23
8 12 44
14 17 33
7 9 25
6 9 37
7 10 43
11 15 40
5 8 5
7 9 21
21 23 21
22 23 6
20 22 19
21 1 23
7 10 7
7 11 31
22 0 34
5 8 6
7 9 10
22 0 20
22 2 8
12 16 42
2 3 36
9 12 9
9 13 13
18 21 12
22 1 38
3 5 30
17 21 16
4 7 23
1 6 43
7 11 22
6 11 3
3 5 13
17 20 45
13 16 10
2 6 45
18 20 6
9 11 11
10 13 31
14 17 15
7 11 18
13 16 32
7 10 24
20 23 13
15 18 26
23 1 2
22 1 14
15 18 47
13 17 40
1 3 6
16 19 31
1 3 5
10 13 42
22 1 7
6 9 33
5 8 39
17 21 4
7 10 17
14 19 37
19 23 21
12 15 7
3 6 43
16 19 33
8 10 31
1 6 31
9 12 47
14 16 6
15 18 34
23 3 35
7 9 35
4 8 34
20 23 41
0 4 35
0 1 35
17 20 43
2 4 17
10 14 15
15 17 40
20 23 15
4 5 19
5 8 45
17 20 31
5 8 18
21 23 48
14 18 14
1 6 12
10 14 25
1 3 1
22 23 22
4 7 44
0 4 11
14 17 34
20 23 40
18 22 24
15 19 39
14 15 19
10 13 32
1 4 8
21 0 1
14 17 20
6 8 23
6 9 7
15 18 12
21 0 18
19 22 31
16 18 18
20 23 32
8 11 40
0 2 5
22 1 19
8 12 37
16 20 7
16 18 50
17 21 39
14 16 49
17 19 19
11 14 20
0 4 19
22 0 31
9 13 40
23 2 43
2 3 31
17 20 2
2 5 17
20 1 10
13 15 17
11 13 4
10 13 16
17 20 49
14 15 49
5 6 49
13 15 11
11 13 50
23 2 8
15 18 34
6 11 33
0 3 36
6 9 13
16 19 16
23 2 31
23 2 35
18 22 4
11 12 23
22 0 40
12 14 15
5 9 36
7 10 1
14 16 40
9 12 19
21 23 49
1 5 45
18 21 50
17 19 15
19 23 29
19 21 45
3 8 9
21 23 15
0 4 33
16 19 10
5 9 36
21 1 47
0 5 13
20 23 26
4 6 35
7 10 6
4 8 16
3 4 23
22 3 41
3 7 18
1 4 28
21 1 1
5 8 45
10 14 6
2 6 27
1 3 12
13 17 48
15 16 3
4 7 6
16 21 32
6 9 27
11 16 30
3 5 46
17 20 36
17 20 28
20 22 46
14 19 4
10 14 6
7 10 38
18 22 30
13 16 31
5 8 15
12 14 22
2 5 11
4 7 48
2 5 17
14 16 20
22 23 6
22 2 20
18 21 48
17 20 6
6 10 37
21 22 43
8 11 28
8 11 1
8 12 11
10 13 44
13 17 22
15 17 2
21 0 14
23 1 37
15 18 38
14 18 49
22 1 41
19 23 44
16 18 45
6 10 5
4 7 35
2 6 27
19 21 18
23 3 6
6 10 28
9 12 19
11 13 9
11 14 31
12 15 38
17 20 2
19 22 33
6 8 37
16 18 2
5 6 5
4 6 3
7 11 24
8 9 5
12 12 6
11 12 42
12 16 43
21 0 8
2 4 23
10 13 4
16 19 15
10 13 9
7 10 35
4 7 17
12 16 50
0 2 13
11 15 4
6 8 37
20 22 40
2 5 29
1 5 2
9 11 19
18 20 34
4 5 36
7 9 8
22 2 9
14 16 25
4 7 48
9 13 23
15 20 43
2 5 7
5 7 21
11 15 13
4 7 40
12 13 47
10 9 8
22 23 9
17 19 35
1 6 24
11 12 17
9 12 19
22 1 47
22 0 43
3 4 46
8 12 3
4 8 38
21 1 11
15 18 13
18 20 28
19 22 12
10 12 14
12 17 15
3 5 41
18 21 38
15 19 32
20 0 26
0 3 36
15 17 17
23 2 17
14 14 37
12 14 45
3 6 46
4 8 44
19 20 1
7 9 49
12 14 32
22 0 21
17 20 25
1 4 34
7 11 36
16 19 25
2 4 38
11 14 6
10 13 48
19 0 22
22 23 9
2 4 40
13 15 7
19 22 13
14 17 6
23 2 47
3 4 48
12 15 17
9 12 20
14 17 22
19 22 22
18 22 45
11 14 47
19 0 28
3 5 38
23 1 19
6 9 39
1 5 21
19 23 49
16 20 12
8 12 38
9 10 36
6 10 3
11 16 21
11 16 20
19 21 32
19 22 27
6 9 5
18 21 7
6 8 12
11 14 29
9 13 9
5 8 28
4 8 46
14 15 43
1 4 22
20 0 6
12 17 30
8 12 15
15 17 17
14 18 21
11 15 48
18 22 25
11 12 20
4 7 9
17 20 5
13 15 18
5 8 4
20 0 49
2 5 5
15 17 40
14 16 50
2 4 32
16 19 32
2 6 41
9 11 25
15 17 31
12 13 26
18 21 32
9 12 20
15 18 15
11 12 9
7 10 3
17 19 38
14 19 24
22 1 19
1 4 24
3 5 15
2 5 22
12 12 49
15 19 38
5 8 11
15 17 48
20 22 22
4 7 26
9 11 34
18 21 36
20 0 19
16 18 48
6 9 11
14 17 6
10 13 22
4 7 9
4 6 34
16 20 7
6 10 28
18 21 18
5 8 50
2 4 40
7 8 44
7 10 9
4 7 46
23 2 13
1 5 37
8 14 25
19 23 25
20 22 48
8 11 34
7 9 6
20 23 29
6 11 35
16 17 38
19 20 21
3 3 40
13 15 10
14 18 28
20 1 27
19 21 12
2 4 44
1 3 31
5 7 26
7 10 9
6 8 6
2 4 45
1 3 30
6 9 45
0 5 1
20 2 36
7 9 44
13 15 18
11 14 27
3 5 41
23 2 41
21 1 47
15 16 2
4 9 19
19 20 8
15 18 15
18 20 28
10 12 3
4 4 22
16 21 34
22 1 44
22 1 48
6 9 30
2 5 43
22 1 20
2 5 3
14 15 37
2 4 33
15 19 33
22 2 22
4 7 35
12 17 8
12 15 27
0 2 32
3 5 38
13 14 12
22 1 10
2 4 25
13 17 24
11 13 22
1 5 1
1 5 2
17 19 40
6 10 17
10 11 14
7 11 37
18 21 4
20 22 31
8 10 29
14 17 48
22 1 22
3 4 8
8 12 13
3 5 17
16 18 22
21 23 50
20 1 41
15 18 9
4 8 1
10 14 7
6 8 2
7 12 16
6 8 39
11 14 25
20 23 49
0 3 22
11 15 37
10 15 28
13 17 1
18 20 34
15 19 34
10 13 26
13 15 50
5 9 4
17 19 50
21 22 41
18 23 22
1 5 40
13 16 8
21 1 20
8 11 32
3 6 24
14 16 42
21 23 12
10 14 19
5 7 28
0 4 29
2 5 2
19 22 9
20 0 3
19 23 32
1 4 27
2 4 24
2 6 44
6 10 6
17 21 4
19 22 48
6 9 23
15 19 21
13 17 48
18 19 16
8 11 50
21 23 26
1 4 28
11 14 45
22 0 33
15 18 47
6 10 26
4 7 38
10 14 34
14 18 40
18 22 41
18 21 25
1 4 16
0 2 29
2 5 3
22 1 13
19 21 25
22 0 16
5 8 38
3 6 7
2 5 30
2 5 13
4 9 25
1 3 3
7 10 17
8 9 50
11 15 41
10 12 32
21 0 28
4 7 11
9 10 21
17 20 43
5 8 20
3 6 22
6 11 23
3 6 4
3 7 18
12 14 30
20 23 36
21 1 34
0 3 21
1 5 31
15 19 2
5 8 15
20 0 17
4 7 18
17 21 14
14 17 43
4 8 19
15 17 39
15 18 19
0 3 49
18 19 13
19 22 48
17 20 40
17 19 41
2 4 30
14 17 17
3 6 6
19 0 40
6 11 15
17 20 40
5 8 11
7 11 1
10 16 48
16 19 41
13 15 32
3 7 4
9 13 11
14 16 44
5 8 45
23 3 27
1 4 13
7 11 25
4 8 34
9 12 6
3 8 45
18 20 43
4 6 37
21 23 8
11 14 45
16 20 21
9 11 35
12 15 37
21 1 46
8 11 49
19 23 7
19 21 2
14 17 40
13 15 16
18 20 39
6 9 8
15 19 42
22 2 18
6 10 13
21 23 27
16 18 25
1 4 15
8 11 41
6 8 20
0 4 26
10 13 37
4 6 36
13 16 49
9 13 37
17 22 15
21 23 19
14 18 39
20 0 3
6 8 27
3 7 7
14 17 36
19 20 3
13 17 32
3 5 43
16 19 15
5 8 48
10 13 26
23 3 15
14 17 12
6 9 20
5 6 38
14 17 36
0 2 26
12 13 14
9 12 2
7 10 45
13 15 31
16 20 41
11 13 16
7 12 12
20 22 16
5 7 48
0 2 30
21 23 17
9 13 37
2 5 34
3 5 20
3 5 6
0 5 30
17 21 28
7 10 6
6 10 34
14 18 49
19 22 9
20 22 27
16 18 7
12 14 34
21 2 46
20 0 14
0 2 27
3 7 1
12 15 47
4 9 31
19 23 8
18 21 35
18 21 42
5 7 46
13 17 21
10 13 28
20 0 11
19 23 1
20 1 9
2 5 14
4 7 22
19 22 50
13 16 48
6 8 49
8 11 14
21 0 26
1 3 25
10 14 19
9 12 43
4 7 39
17 21 48
3 6 16
19 0 24
14 17 2
23 2 20
19 23 43
4 6 23
6 9 44
4 9 15
7 9 47
18 20 10
3 6 3
6 9 47
3 5 7
10 13 46
13 17 35
8 12 33
16 18 30
5 8 27
19 22 48
20 23 5
17 20 39
6 8 44
9 12 13
20 0 22
7 11 12
11 16 31
4 7 43
21 0 13
3 7 8
20 22 33
0 4 16
15 18 17
18 23 2
2 4 36
1 3 16
14 16 27
20 0 25
23 2 40
15 18 30
13 19 34
12 14 18
9 12 30
15 20 26
12 14 34
9 12 3
22 1 2
18 19 27
19 22 5
9 12 28
14 17 39
19 22 31
7 9 46
23 2 44
14 16 40
13 16 32
15 19 3
1 4 48
23 2 13
17 19 34
3 7 10
9 12 31
23 1 16
12 16 16
6 8 38
17 21 11
6 9 18
5 9 8
9 13 42
10 12 2
19 22 25
7 9 39
16 19 21
2 8 11
19 21 3
16 20 22
13 15 6
15 17 15
11 14 36
14 17 41
8 11 19
22 1 46
14 17 7
3 5 24
8 13 45
22 3 46
8 12 31
14 18 24
2 4 32
4 8 47
19 22 14
7 10 50
2 4 30
6 8 43
5 9 4
20 23 32
23 2 21
3 7 15
12 15 47
20 23 33
5 8 4
7 11 39
4 8 42
16 20 50
9 12 42
22 1 2
11 13 20
15 16 17
14 15 10
2 6 42
9 13 1
6 8 43
1 4 8
17 20 6
15 18 16
7 9 22
12 14 38
16 19 38
20 0 32
11 16 2
13 15 41
13 16 36
7 9 42
23 2 33
8 10 35
8 12 37
16 19 17
1 4 3
1 5 28
10 12 36
17 19 42
17 19 4
21 23 30
5 9 21
12 13 35
2 5 20
5 8 8
8 12 10
6 10 20
23 1 27
21 0 35
0 3 42
8 11 39
5 7 19
3 4 46
3 5 43
18 22 49
3 6 16
18 21 17
14 18 8
15 17 26
17 19 36
5 7 4
8 12 19
22 0 39
16 18 8
1 4 49
23 2 34
7 9 2
22 2 28
16 20 46
6 8 6
15 18 47
3 4 47
13 16 14
17 20 19
21 1 12
6 9 2
0 4 29
15 19 2
4 8 10
15 18 48
15 18 15
6 8 10
13 16 23
8 9 18
23 2 42
13 15 3
13 15 34
8 11 36
0 5 1
7 10 45
16 18 20
13 16 36
9 11 18
16 19 36
6 8 44
23 2 45
23 2 2
0 3 41
16 19 42
14 16 16
8 13 31
15 18 22
0 4 19
18 20 19
23 2 32
17 22 39
1 3 47
14 16 8
14 15 48
5 8 26
23 0 35
2 5 5
9 12 40
10 12 44
13 16 47
19 21 14
3 6 6
16 20 11
4 6 9
3 5 21
20 23 47
8 9 31
12 15 17
1 5 9
18 20 33
14 16 11
20 0 18
4 6 30
9 12 2
0 2 27
19 22 39
8 12 35
19 22 37
7 10 47
4 7 31
11 15 44
10 13 34
13 15 20
0 3 42
2 4 47
3 7 8
20 23 10
11 13 29
13 16 8
4 6 10
13 17 35
23 1 22
3 6 29
16 18 50
4 7 48
17 20 47
6 9 10
14 19 49
20 23 26
16 19 17
20 22 21
17 20 26
12 14 34
22 1 37
11 15 37
0 2 16
18 19 46
6 8 43
3 8 45
8 12 5
15 20 7
7 10 26
3 8 32
22 0 15
16 21 39
0 3 4
14 18 48
0 3 33
15 17 8
19 22 11
8 10 13
11 15 29
15 18 23
2 6 19
19 23 40
17 21 17
6 8 44
7 9 38
11 16 47
10 15 22
18 20 32
15 18 13
11 16 24
8 12 46
23 2 23
5 9 43
20 0 44
11 14 22
7 8 6
2 5 47
19 23 13
18 22 13
14 16 37
13 16 17
5 6 31
3 5 47
0 3 50
11 14 12
14 18 31
15 18 29
5 7 13
9 13 7
19 22 26
20 22 40
0 3 33
9 11 24
3 6 39
19 20 12
1 5 7
15 18 26
12 15 33
4 7 8
19 22 38
18 21 28
1 4 50
9 11 10
20 22 3
10 13 37
3 6 22
17 21 34
6 8 28
19 23 10
22 1 39
8 11 13
14 17 48
5 7 19
16 20 1
6 10 4
7 10 6
21 0 47
12 15 13
2 4 50
8 11 40
1 5 15
20 0 32
15 18 3
23 4 2
0 4 42
15 19 48
8 13 32
17 20 31
10 13 24
23 1 31
16 19 29
7 9 17
11 13 31
0 4 37
20 0 29
23 2 24
8 12 32
15 17 42
18 21 4
9 14 41
23 3 40
18 21 15
12 14 26
7 10 37
7 11 44
10 13 11
4 7 24
8 11 18
7 10 1
23 2 21
7 12 8
11 15 5
1 4 7
13 15 48
3 7 40
11 14 30
19 23 16
7 10 19
18 22 9
6 10 7
1 4 24
0 4 48
14 17 48
6 6 9
9 11 26
2 5 32
16 19 1
23 3 16
22 23 1
11 13 9
15 18 40
18 21 34
5 7 23
3 6 15
5 9 17
9 13 14
21 23 30
4 8 10
11 14 50
1 3 12
22 1 36
21 23 11
13 16 37
10 11 19
16 19 5
12 16 46
14 16 28
18 22 20
18 21 19
16 18 7
17 20 39
1 4 41
5 8 48
15 20 7
2 5 43
4 7 14
22 1 38
18 22 23
13 16 7
22 1 22
6 9 47
22 0 4
11 14 21
14 19 16
3 7 7
21 1 26
18 20 42
9 12 4
2 3 29
4 7 6
0 3 35
1 2 8
2 6 15
12 15 17
6 8 17
14 15 12
1 6 26
7 11 5
18 21 43
16 19 29
23 2 39
16 19 12
6 10 30
2 4 25
14 16 14
9 12 2
15 17 24
13 16 40
3 6 28
21 1 38
19 0 45
21 0 35
18 20 45
13 17 41
1 5 24
8 12 13
17 20 17
23 3 28
12 14 14
11 13 2
7 9 33
7 10 47
13 17 15
15 17 19
13 17 37
22 3 37
11 15 34
17 22 17
12 16 13
5 8 23
10 14 33
13 15 8
4 8 30
9 13 38
5 10 9
8 11 47
18 21 33
12 13 6
13 17 30
15 18 20
1 5 4
20 1 16
20 22 13
11 13 44
7 10 20
22 2 44
17 20 2
9 13 10
14 17 46
14 17 28
4 8 8
21 23 39
2 4 50
3 6 21
1 4 26
9 12 3
10 13 8
20 23 35
7 10 11
4 6 38
9 12 16
20 1 37
2 5 41
15 16 36
4 7 14
5 9 41
9 12 29
1 5 7
2 5 37
23 3 41
23 0 48
15 16 8
19 22 38
8 10 17
10 13 26
20 21 25
9 13 13
18 21 42
23 1 17
11 14 16
9 11 7
6 8 20
6 9 36
13 15 11
5 9 20
14 18 46
7 9 5
1 3 44
3 6 16
17 20 14
13 16 14
2 4 12
15 18 26
6 9 49
10 13 11
6 9 50
3 6 50
10 14 22
8 11 11
8 10 27
18 20 39
16 18 48
18 22 36
6 7 24
2 4 33
21 0 40
8 9 48
18 21 2
12 17 16
3 7 41
15 17 3
12 15 6
11 16 18
18 22 28
4 7 16
5 6 22
11 15 34
23 5 23
5 8 8
17 20 6
17 21 31
2 4 18
10 12 23
6 11 29
17 20 15
11 13 49
7 10 42
1 4 32
15 19 16
14 17 1
11 13 1
6 10 18
9 15 30
16 19 8
13 17 44
3 4 16
21 0 2
22 0 7
13 19 6
0 4 47
19 23 4
8 11 6
0 3 46
12 14 38
11 14 8
8 11 29
8 12 43
6 10 44
22 1 30
4 8 28
19 23 34
9 12 12
17 20 26
16 17 1
21 0 34
9 12 17
22 2 2
4 7 20
12 17 25
20 22 43
8 11 14
6 7 29
10 12 3
12 13 49
19 22 35
6 7 31
15 18 32
13 16 40
6 10 14
5 7 42
4 7 26
9 11 1
9 12 26
16 20 40
2 5 2
2 6 34
9 12 2
4 7 8
20 23 19
12 15 7
2 5 33
3 7 19
3 7 35
13 15 15
8 11 39
7 9 1
7 10 3
10 13 2
15 19 27
15 16 7
7 10 25
16 19 12
12 14 2
22 2 38
1 5 29
2 5 20
18 21 9
16 18 7
19 21 5
8 10 34
16 18 27
12 16 11
10 13 10
14 17 2
15 17 24
6 9 23
21 0 21
2 3 33
23 2 42
14 17 17
17 19 50
18 21 33
11 13 6
4 7 37
13 16 11
4 6 16
14 16 2
19 21 35
13 17 3
6 9 14
17 19 35
16 18 14
14 18 9
14 15 35
7 9 14
16 19 13
2 5 6
8 11 25
10 13 32
23 2 22
3 6 11
2 5 48
11 14 36
23 1 4
6 11 28
0 1 48
14 18 27
12 16 23
22 2 28
6 8 29
5 8 28
14 16 40
9 12 23
2 5 14
17 21 14
16 19 16
7 10 4
16 19 8
11 14 26
1 6 49
21 23 20
10 13 22
7 9 27
14 18 20
4 7 50
16 19 27
1 4 37
8 10 11
10 13 27
16 17 10
18 21 20
18 21 46
8 13 9
14 18 3
2 5 12
17 20 37
7 9 31
12 15 12
16 17 41
6 9 49
10 12 47
8 11 13
1 3 45
1 3 25
18 20 29
15 17 36
19 22 38
3 6 2
6 9 21
1 4 2
11 13 12
19 22 29
21 1 19
16 18 28
20 0 6
5 7 41
6 10 46
20 21 1
4 7 25
8 12 9
14 17 20
23 3 49
6 7 21
10 14 43
15 19 46
18 22 27
2 6 16
21 0 27
7 10 19
9 12 24
17 20 16
20 22 27
3 5 37
11 15 24
5 8 32
20 21 22
11 14 45
3 5 22
21 23 9
3 6 25
23 4 18
15 19 50
1 3 22
23 1 44
21 1 36
8 11 47
1 6 10
11 13 29
1 5 22
20 23 43
7 10 19
8 10 46
19 21 16
0 1 15
20 21 50
17 18 40
4 9 49
16 19 12
6 10 16
0 4 30
16 21 32
19 21 44
7 10 20
2 3 20
22 1 23
22 2 36
1 3 49
13 15 46
1 4 21
18 22 17
0 1 17
12 14 22
0 3 25
12 15 29
19 22 4
16 19 6
6 8 48
11 14 1
19 21 36
18 21 47
18 22 33
7 9 3
10 14 5
18 19 5
15 19 12
5 7 25
17 19 16
17 20 49
22 0 10
16 19 16
13 16 31
21 1 7
8 12 6
13 15 4
3 6 30
3 7 39
6 9 25
9 11 16
7 12 35
21 23 41
3 6 16
11 13 5
16 19 39
23 1 26
8 11 45
16 19 43
21 0 28
19 21 19
18 22 33
22 1 1
21 1 47
15 16 1
22 2 24
5 8 25
16 20 10
2 5 7
18 22 39
7 10 42
3 6 7
1 5 12
23 2 17
17 19 41
20 23 27
6 8 33
20 0 29
12 15 27
4 6 36
10 11 12
0 4 6
18 21 34
22 22 31
15 16 31
3 6 15
19 22 8
8 11 49
21 0 9
6 10 22
11 13 32
19 22 14
15 18 33
10 13 32
22 0 29
11 15 31
20 23 18
20 0 37
17 19 1
7 9 2
19 22 1
16 20 15
5 8 14
10 13 24
19 22 49
23 1 1
8 12 43
5 8 23
15 17 24
13 18 25
8 11 14
8 10 21
15 18 43
23 3 21
2 5 40
4 8 17
23 0 43
15 18 11
13 16 31
10 14 25
7 11 38
10 15 40
2 4 27
8 12 47
5 7 50
6 9 40
7 12 12
14 18 5
23 2 47
4 7 11
0 4 3
13 15 28
3 7 33
12 17 5
15 19 43
6 7 45
13 14 41
0 2 11
21 23 28
12 16 19
2 5 25
21 1 28
14 18 29
9 10 50
22 1 12
15 20 33
18 20 15
21 0 29
20 23 3
5 9 14
22 2 16
13 16 19
0 1 1
12 16 19
14 17 39
15 17 2
8 10 46
4 8 29
6 9 17
22 1 25
18 0 19
3 6 3
6 11 6
14 17 5
7 11 4
0 5 5
10 14 30
6 8 31
23 2 44
5 10 50
9 11 21
17 20 24
19 21 43
21 23 39
13 18 14
3 6 43
18 22 24
17 20 50
19 22 50
13 17 36
14 18 27
5 9 39
4 5 42
22 0 43
23 2 15
5 9 38
22 1 46
12 15 12
20 22 24
9 11 24
16 17 25
2 5 1
1 3 1
1 5 6
12 16 41
1 5 18
4 9 16
12 14 43
15 18 42
13 17 39
5 8 29
5 9 41
9 11 17
0 4 46
21 1 22
14 18 49
14 17 27
6 10 40
19 22 48
18 20 5
11 13 31
8 13 5
2 6 26
9 11 44
16 17 20
21 23 35
8 10 2
6 9 18
17 20 28
12 16 35
22 0 26
8 12 29
18 20 1
3 6 20
0 4 34
20 1 19
12 15 26
14 16 6
7 10 32
1 4 4
2 7 39
8 10 16
22 0 48
8 11 29
17 20 12
7 10 2
8 12 20
23 5 22
6 9 44
8 10 9
21 22 7
1 4 17
16 19 23
11 13 36
18 21 34
5 9 31
16 18 15
16 18 8
12 15 38
20 23 33
4 6 38
7 11 16
23 2 36
5 7 25
21 0 6
1 4 25
9 11 12
14 17 49
22 1 50
13 15 16
15 19 23
12 16 11
11 13 29
10 14 6
7 11 12
9 13 41
23 4 30
21 2 22
20 23 32
16 19 33
6 10 37
10 13 24
15 18 44
8 12 34
18 21 16
4 8 18
13 17 37
5 9 16
5 7 47
10 14 33
9 13 25
19 21 21
16 19 36
12 16 28
10 13 1
3 6 14
19 21 41
12 14 19
1 4 50
16 19 34
14 17 2
20 23 32
3 8 25
18 21 49
7 10 29
4 9 16
2 6 42
14 18 3
6 8 2
5 8 50
18 22 1
0 3 5
8 11 43
20 22 29
21 1 31
7 11 16
8 10 44
20 0 8
0 2 50
19 20 18
20 22 6
16 19 23
18 20 48
22 1 26
16 19 39
9 11 9
12 15 2
22 1 27
13 16 27
8 10 47
14 17 25
5 8 21
8 10 17
20 23 21
20 0 43
7 9 33
2 5 1
1 5 14
23 3 44
22 2 33
14 19 32
5 8 34
21 1 15
0 3 35
12 16 40
19 20 21
18 21 48
6 10 49
13 16 3
1 5 15
9 12 12
23 3 43
11 14 26
5 8 3
3 7 38
12 14 37
5 7 6
23 3 26
14 17 10
8 10 20
6 8 28
15 17 42
14 17 7
13 16 42
2 6 8
19 22 15
13 15 48
16 20 17
15 19 21
20 0 6
0 3 10
21 22 1
1 6 27
12 14 31
14 17 30
19 21 32
2 5 7
1 4 12
3 5 28
2 3 23
7 9 38
14 18 35
