100 5
3 1 1 4 5 
10 12 5
7 9 2
12 13 5
18 20 1
21 22 5
13 17 1
15 18 3
6 9 5
19 23 5
21 0 2
0 2 2
8 10 5
9 12 3
9 13 2
2 6 2
21 1 4
16 20 3
16 20 1
23 2 2
2 6 5
7 10 2
11 16 4
13 18 4
16 19 3
9 12 3
10 12 1
7 12 2
16 19 1
22 23 4
0 3 1
21 22 4
0 3 4
12 15 1
0 2 4
5 8 1
6 9 5
21 0 5
8 12 2
10 12 2
4 6 2
2 5 5
10 14 4
19 21 5
0 2 5
18 20 5
22 1 1
8 9 1
19 23 4
1 6 1
14 18 5
15 18 1
21 2 2
19 21 5
23 2 1
9 11 3
15 17 2
23 1 2
12 15 3
4 7 5
10 12 3
13 16 1
13 17 2
4 7 1
21 22 4
1 3 5
21 22 1
4 7 2
11 14 3
2 4 1
4 6 3
8 11 1
12 15 1
18 21 4
19 22 2
11 16 4
5 8 5
0 3 4
15 19 3
9 12 2
3 3 4
7 11 2
3 6 4
5 9 5
4 7 1
15 18 2
9 13 4
11 15 1
16 17 2
8 12 5
9 12 5
18 22 1
4 8 1
20 23 5
10 15 1
13 17 2
13 15 4
1 4 4
13 17 3
16 19 1
19 23 2
