1000 100
59 5 89 56 8 45 44 15 16 18 39 5 89 44 71 28 76 8 14 74 46 37 83 61 50 23 31 77 26 55 12 89 77 47 38 1 68 58 29 13 48 76 80 30 86 32 71 88 100 6 38 10 68 30 49 23 67 53 67 16 69 37 33 90 84 31 84 75 87 78 20 96 28 7 12 69 86 60 55 71 79 41 70 93 17 43 11 72 1 55 54 28 36 32 37 34 18 51 49 83 
10 12 96
19 23 73
3 6 15
11 13 72
2 6 5
10 13 36
9 12 48
13 17 11
15 18 53
17 19 72
23 3 62
2 6 71
2 4 97
7 9 3
3 5 51
4 6 43
7 11 60
5 7 21
13 17 57
10 11 46
15 18 51
12 14 53
14 17 69
22 1 86
3 6 47
9 12 52
1 4 90
4 7 50
21 0 87
22 2 65
18 22 41
4 7 95
23 1 18
23 4 88
18 21 16
8 11 5
23 3 80
8 11 59
18 22 75
4 7 38
14 17 46
22 1 4
7 9 31
15 17 94
19 23 35
1 3 41
20 23 7
2 6 14
7 10 75
20 0 73
10 13 30
4 7 85
14 17 81
5 9 50
3 5 25
20 22 32
17 21 69
6 12 9
14 16 5
19 21 20
8 10 69
16 18 78
3 7 51
18 20 20
17 19 35
12 13 91
3 5 76
4 7 81
4 9 45
0 5 12
10 12 11
15 18 100
10 13 10
23 0 77
23 3 22
8 12 32
21 0 41
17 21 63
17 18 20
1 4 53
19 20 93
10 13 86
7 10 18
4 5 48
15 16 51
3 5 83
5 10 11
16 21 57
12 15 12
3 6 95
9 13 55
3 6 16
21 1 80
10 13 80
16 18 58
10 12 40
2 5 93
13 17 85
0 2 34
6 8 31
4 7 99
23 2 42
3 7 66
1 3 29
0 4 31
12 15 77
11 13 72
21 0 47
23 1 45
21 0 72
5 6 23
14 16 8
8 11 62
3 7 34
17 19 80
11 14 10
22 1 23
22 1 68
2 7 48
2 6 47
17 19 80
12 14 27
19 20 99
23 1 9
1 4 86
21 1 67
0 3 5
17 23 36
10 13 72
21 0 56
23 3 49
11 13 3
22 1 33
22 3 41
23 2 35
21 1 41
17 20 85
17 19 94
11 13 46
11 15 39
8 10 5
9 11 29
7 11 40
16 19 19
17 21 39
18 22 12
1 4 77
19 22 34
9 11 92
11 14 61
11 17 96
23 0 52
5 7 17
6 10 99
13 15 19
9 13 3
21 0 17
0 2 60
19 21 51
4 8 91
13 16 72
11 13 100
6 10 78
1 5 99
0 2 62
12 14 35
23 2 18
17 20 94
16 18 14
14 17 15
22 1 97
5 9 86
4 6 74
4 5 88
7 11 13
8 11 31
1 4 63
17 21 84
8 12 35
18 21 70
12 16 65
4 8 72
19 21 77
2 5 50
15 16 97
2 5 69
8 12 94
12 15 84
13 15 91
0 3 16
15 17 24
4 9 96
15 18 94
7 10 61
6 10 13
21 23 51
23 2 25
22 0 92
19 22 2
6 7 5
6 7 100
3 5 67
19 23 38
21 23 47
18 21 2
4 9 93
10 15 26
21 1 77
17 20 7
6 7 66
13 16 90
8 10 7
21 23 17
23 2 81
12 16 100
22 1 39
14 16 94
5 9 18
17 21 26
0 5 15
18 20 54
23 2 63
10 14 79
1 4 15
8 11 12
2 5 69
7 9 78
5 8 12
17 20 69
13 16 11
5 6 63
19 21 96
19 21 11
9 12 52
22 0 12
21 1 38
21 1 98
14 17 33
6 8 82
22 23 51
15 17 43
0 3 59
14 19 92
8 11 33
9 12 93
13 17 85
17 20 45
13 15 80
23 2 90
8 12 100
14 17 31
10 13 99
17 20 38
17 19 62
18 21 70
10 13 99
12 15 85
7 10 13
8 11 9
3 6 41
2 6 21
17 20 80
4 8 89
19 23 50
4 7 46
11 14 81
11 13 89
10 12 71
3 7 79
19 23 68
21 1 79
22 2 53
14 18 91
21 23 88
11 14 62
5 9 51
12 15 72
17 21 16
22 23 97
8 10 1
9 11 87
18 22 93
1 4 40
17 19 69
22 1 84
6 7 58
21 23 82
0 3 80
6 9 57
0 3 100
13 16 20
23 1 41
2 5 27
9 13 34
14 17 76
4 5 39
9 12 95
15 18 69
18 21 70
2 5 67
19 22 14
1 4 97
20 1 38
20 22 34
14 18 50
16 20 5
0 5 17
22 2 46
22 0 88
6 10 80
23 0 8
10 13 25
4 5 48
7 9 37
10 13 4
14 18 1
19 22 87
19 21 9
14 16 19
15 17 45
22 1 100
1 3 98
7 11 37
20 0 23
18 20 17
22 3 88
17 22 96
21 0 72
3 6 6
23 2 48
23 2 29
22 2 33
23 1 66
0 5 36
12 15 48
20 0 56
4 7 34
23 5 16
11 13 85
6 10 29
14 18 52
17 20 80
6 9 94
13 15 76
18 22 58
18 20 26
0 3 65
16 20 30
18 20 28
8 11 99
23 3 41
4 8 78
15 19 39
4 7 96
20 23 18
4 7 46
19 0 30
6 10 28
21 3 10
6 7 66
3 5 72
12 14 80
14 19 19
19 21 25
4 8 11
10 12 13
4 8 4
20 23 66
16 16 87
2 4 1
7 10 26
18 21 54
20 1 53
23 2 36
9 12 17
10 13 38
15 19 1
20 22 100
15 20 92
5 8 92
23 3 53
19 21 84
2 5 88
17 20 8
7 10 21
23 2 75
0 3 26
2 5 1
7 10 27
11 13 30
4 8 48
16 20 15
0 3 92
12 16 85
15 18 47
6 8 26
9 11 92
2 6 57
12 15 97
18 20 34
14 18 20
16 19 52
6 10 76
8 12 91
1 5 34
18 20 95
2 4 10
9 12 88
19 23 45
20 22 33
18 23 98
1 6 42
19 0 21
19 22 62
3 8 58
18 22 30
15 18 85
16 20 53
16 19 32
5 9 87
0 2 22
21 23 85
9 11 66
23 3 3
12 16 53
9 12 58
22 2 49
6 9 45
16 19 34
8 9 99
8 12 79
9 13 73
11 14 5
13 16 13
15 18 13
2 4 66
4 6 36
0 4 47
0 3 74
14 19 11
15 17 61
10 13 15
10 14 44
20 23 80
5 7 20
18 22 52
11 14 64
2 5 17
15 18 80
18 19 34
22 1 52
8 12 87
23 2 50
18 22 46
17 20 11
3 6 53
3 5 23
3 6 38
12 15 21
0 3 99
12 14 79
17 20 42
17 19 10
8 10 48
15 19 19
22 2 62
15 17 75
16 19 63
4 8 45
19 21 44
17 19 48
21 1 41
7 11 63
10 12 32
13 17 88
7 9 4
2 4 48
1 3 58
17 21 95
18 21 40
10 14 35
7 10 40
21 1 75
12 14 11
21 0 13
19 21 5
19 0 45
20 22 91
7 11 47
9 13 77
18 21 16
18 22 45
13 15 45
7 11 20
22 1 49
19 23 97
7 11 22
18 21 87
16 19 70
0 5 13
6 9 25
22 2 46
5 10 52
4 7 4
0 5 95
5 7 33
20 23 4
5 8 13
18 21 19
15 19 6
5 6 73
4 7 27
0 5 39
10 12 77
11 13 86
10 12 32
3 6 59
18 22 93
7 11 14
9 11 53
8 12 48
9 13 63
7 9 56
4 8 14
18 20 39
22 1 4
7 12 62
21 0 87
20 22 92
20 23 19
16 18 11
7 9 72
0 3 56
15 18 2
9 12 82
20 22 13
23 0 23
23 2 100
18 21 54
11 16 65
23 1 89
18 20 84
9 12 16
20 22 75
14 17 34
22 0 57
21 23 34
16 19 22
3 7 18
13 16 4
13 16 55
0 2 78
1 1 91
20 23 73
0 3 44
14 17 27
16 18 61
12 15 52
13 16 73
8 11 91
19 22 23
0 4 1
21 0 87
4 7 81
21 23 75
9 14 28
6 9 80
13 16 100
15 20 80
20 22 28
9 12 94
7 10 16
23 2 76
20 0 8
3 7 10
19 0 3
2 4 26
20 22 59
22 2 30
17 20 54
21 23 76
20 23 16
19 23 29
3 6 49
11 14 47
2 7 9
2 6 85
10 13 14
23 1 29
15 18 94
7 11 17
4 8 42
19 22 6
17 21 75
20 22 16
19 20 96
17 19 33
4 5 69
9 12 43
2 4 4
12 18 20
15 17 54
4 6 28
3 6 4
11 16 94
1 3 1
16 20 67
11 15 2
9 13 44
19 20 19
8 9 63
1 4 13
15 18 45
20 0 71
3 5 68
3 5 63
7 10 29
4 7 67
19 21 42
5 9 93
15 16 67
14 18 11
15 16 79
15 19 7
7 10 40
5 8 74
0 3 16
15 20 61
20 23 13
6 11 85
5 11 90
11 15 81
22 2 80
15 17 67
20 21 11
5 9 67
14 17 74
19 21 86
5 8 85
11 13 85
10 12 50
11 13 32
5 9 13
2 7 92
3 6 9
10 13 25
9 11 16
18 22 73
16 19 32
12 15 35
2 3 66
12 15 72
16 16 72
10 13 25
5 9 95
20 1 73
13 17 38
5 8 78
17 21 58
11 13 35
11 14 39
13 16 79
23 2 55
5 9 65
5 8 2
18 21 73
12 16 77
1 2 85
12 15 32
18 20 8
15 20 40
5 8 67
12 17 50
14 17 61
19 22 50
12 16 97
20 0 74
15 18 14
7 11 96
15 18 47
8 13 92
11 12 70
20 0 7
8 11 100
0 4 14
21 0 59
8 10 28
23 2 42
22 1 79
22 1 35
5 9 60
22 2 24
12 15 97
6 10 44
18 21 65
15 18 72
21 23 54
9 15 90
2 4 35
14 18 67
8 12 36
17 23 28
21 1 87
11 13 24
4 9 44
22 1 54
16 20 75
1 3 68
13 18 94
19 23 78
2 4 100
4 6 97
9 12 25
22 1 94
9 11 86
19 21 60
0 4 8
23 2 13
8 10 92
5 9 16
23 1 11
10 13 37
18 21 91
19 22 3
20 23 82
21 0 31
20 22 72
2 4 94
13 14 50
23 2 49
6 8 18
6 11 41
1 4 10
2 4 89
6 8 73
4 8 42
11 13 10
13 17 56
4 7 96
23 1 83
19 23 62
8 13 55
5 7 35
11 15 57
19 21 67
9 12 39
13 16 20
17 21 58
16 20 48
1 4 50
22 1 12
1 4 73
1 5 62
21 23 66
16 18 88
1 2 99
17 20 17
0 4 75
9 11 90
6 9 80
16 19 94
1 5 86
17 19 98
18 21 60
21 23 64
18 22 47
19 22 35
21 1 65
3 5 88
7 10 52
2 5 79
15 18 4
0 3 48
8 12 40
22 2 46
22 0 11
19 22 87
12 16 66
5 7 49
9 11 40
21 23 10
6 10 53
2 4 58
1 5 53
22 1 11
9 13 14
8 11 52
10 13 41
12 17 50
5 7 63
3 6 63
7 10 76
11 14 76
12 15 90
13 18 69
5 8 3
2 3 34
20 23 86
22 0 30
18 22 10
17 18 55
11 14 22
7 11 5
20 22 63
17 20 25
4 5 36
1 2 15
16 17 18
15 16 44
0 3 94
5 8 91
21 0 78
17 21 36
10 12 68
3 7 14
16 20 88
11 14 34
20 0 51
14 17 84
3 7 14
16 19 65
19 20 95
4 7 55
13 16 99
1 4 94
17 20 96
2 4 99
22 1 7
20 0 46
21 1 20
1 4 15
7 11 64
11 14 34
20 23 24
17 20 84
20 22 37
21 1 40
14 15 73
22 2 3
9 12 97
19 0 38
4 7 27
7 11 51
17 18 7
3 5 5
9 12 43
20 0 59
9 11 36
10 13 15
21 1 17
10 13 23
15 19 31
6 8 1
8 11 2
8 11 60
18 19 89
5 7 62
21 23 54
20 22 65
8 11 92
2 4 79
23 3 26
0 4 36
23 0 83
4 7 44
1 6 85
5 7 64
1 3 3
6 8 70
13 17 19
5 7 93
8 12 33
17 21 36
13 15 2
5 8 53
0 4 4
6 8 100
0 3 60
15 18 28
2 7 25
16 19 32
4 7 100
20 22 100
21 0 86
15 18 85
6 8 39
18 21 42
3 6 60
20 22 9
17 20 83
9 11 35
17 18 82
13 15 4
20 0 96
20 23 31
2 3 59
10 13 12
23 4 12
8 12 88
5 7 17
5 7 77
11 12 41
15 19 96
9 12 15
13 15 97
10 13 82
9 12 43
18 20 15
7 10 71
14 16 50
14 17 91
21 0 93
5 7 29
8 11 90
3 6 72
8 12 54
13 14 93
10 13 78
16 18 77
0 3 36
14 18 34
17 19 78
23 3 36
4 7 98
11 14 71
18 22 2
9 11 20
23 0 62
15 19 44
8 11 49
0 2 63
22 1 45
23 0 20
7 10 59
2 5 49
9 11 58
14 17 1
4 6 4
17 21 93
9 10 10
8 10 88
0 1 64
7 10 10
3 7 18
14 19 35
4 8 2
19 21 12
16 20 14
7 10 85
22 2 37
1 5 7
16 18 78
2 4 16
5 7 54
10 11 69
0 1 33
13 15 67
3 5 75
15 17 58
19 23 51
5 8 23
5 7 94
7 9 13
11 14 48
5 7 74
20 0 4
23 2 27
7 10 69
0 4 53
3 6 88
10 13 98
6 12 2
20 0 24
4 6 64
23 1 51
21 1 62
15 16 100
20 1 79
13 17 51
17 20 70
1 2 63
10 12 29
20 22 28
22 1 65
8 10 34
20 23 74
7 10 34
18 20 48
19 22 33
6 10 85
7 10 28
18 20 24
14 17 74
19 21 50
13 15 40
20 22 92
21 2 56
19 22 69
17 20 29
1 3 14
